时间	开盘	最高	最低	收盘	涨幅 	振幅 	总手(万)	金额(亿)
2014-05-13 	5179.87	5194.19	5145.28	5165.49	-0.26	0.944	1026016600	12005778900
2014-05-14 	5163.93	5173.22	5142.19	5156.53	-0.17	0.601	728353500	8253126300
2014-05-15 	5153.01	5163.68	5072.51	5074.26	-1.6	1.77	948817200	11040409700
2014-05-16 	5068.81	5088.44	5023.97	5078.33	0.08	1.27	778449100	9227483000
2014-05-19 	5078.02	5078.02	5004.46	5028.55	-0.98	1.45	865612700	10250296900
2014-05-20 	5049.16	5085.79	5024.05	5036.92	0.17	1.23	821872200	9708354300
2014-05-21 	5016.22	5082.72	4985.74	5082.35	0.9	1.93	753461800	9054999700
2014-05-22 	5086.83	5134.7	5061.16	5064.1	-0.36	1.45	1056429700	12533632300
2014-05-23 	5060.37	5118.8	5055.48	5118.28	1.07	1.25	979430700	12012023800
2014-05-26 	5153.92	5173.98	5145.89	5170.16	1.01	0.549	1143507000	15457060000
2014-05-27 	5168.34	5182.71	5144.75	5149.63	-0.4	0.734	1000075300	12637260000
2014-05-28 	5152.65	5227.23	5143.64	5225.33	1.47	1.62	1457553700	17363083000
2014-05-29 	5225.58	5238.52	5164.02	5164.16	-1.17	1.43	1159460800	14660666000
2014-05-30 	5163.55	5210.08	5140.75	5188.87	0.48	1.34	1166052400	14555803000
2014-06-03 	5191.34	5205.29	5161.75	5164.17	-0.48	0.839	949302800	11870625800
2014-06-04 	5156.55	5157.08	5062.99	5110.49	-1.04	1.82	1037584600	12376300700
2014-06-05 	5105.47	5162.44	5098.54	5162.35	1.01	1.25	893521900	11491560600
2014-06-06 	5161.88	5169.29	5111.12	5134.74	-0.53	1.13	911773000	10762480600
2014-06-09 	5124.72	5160.45	5107.59	5110.93	-0.46	1.03	952311300	11446394600
2014-06-10 	5117.16	5172.99	5092.33	5172.59	1.21	1.58	1071151700	13094861700
2014-06-11 	5169.12	5207.36	5163.77	5202.64	0.58	0.843	1161748300	13766075000
2014-06-12 	5195.46	5216.4	5173.71	5203.13	0.01	0.821	1208932900	14058701000
2014-06-13 	5196.79	5268.42	5193.6	5259.6	1.09	1.44	1536017300	17849438000
2014-06-16 	5266.29	5305.07	5266.29	5296.41	0.7	0.737	1588661600	19342413000
2014-06-17 	5293.8	5293.8	5253.96	5255.5	-0.77	0.752	1465708200	17910650000
2014-06-18 	5262.84	5278.78	5240.54	5244.63	-0.21	0.728	1326492500	16540778000
2014-06-19 	5245.23	5257.56	5109.1	5135.66	-2.08	2.83	1593817500	18344750000
2014-06-20 	5128.82	5175.16	5123.79	5174.03	0.75	1	1010118100	12155572500
2014-06-23 	5182.86	5222.79	5180.06	5196.28	0.43	0.826	1052791500	12977708100
2014-06-24 	5193.55	5237.77	5186.58	5237.26	0.79	0.985	1096913300	14367039000
2014-06-25 	5231.34	5231.34	5184.39	5200.03	-0.71	0.896	939834100	11653509400
2014-06-26 	5202.97	5248.2	5202.61	5247.8	0.92	0.877	1183604400	14775914000
2014-06-27 	5247.87	5313.04	5234.32	5283.75	0.69	1.5	1695542500	18692780000
2014-06-30 	5287.36	5359.8	5287.36	5357.36	1.39	1.37	1781741200	21405201000
2014-07-01 	5366.81	5375.49	5344.2	5372.32	0.28	0.584	1609451900	20740161000
2014-07-02 	5373.99	5400.14	5354.9	5393.51	0.39	0.842	2000582000	23118049000
2014-07-03 	5390.8	5440.02	5374.34	5422.03	0.53	1.22	1766952200	21929713000
2014-07-04 	5427.62	5432.1	5387.68	5395.9	-0.48	0.819	1519007500	19585759000
2014-07-07 	5401.27	5419.42	5380.2	5397.12	0.02	0.727	1782469200	22058050000
2014-07-08 	5400.02	5423.05	5355.05	5422.45	0.47	1.26	1846015500	22623998000
2014-07-09 	5414.8	5443.38	5347.92	5348.82	-1.36	1.76	2280020500	29136853000
2014-07-10 	5352.06	5394.34	5344.27	5353.72	0.09	0.936	2102207600	25994116000
2014-07-11 	5348.88	5414.57	5345.24	5411.07	1.07	1.29	2216359500	26064711000
2014-07-14 	5420.04	5477.71	5399.71	5477.15	1.22	1.44	2134298300	26580773000
2014-07-15 	5476.66	5493.64	5448.83	5484.67	0.14	0.818	2027457100	26183418000
2014-07-16 	5487.42	5506.97	5404.2	5416.91	-1.24	1.87	1850276100	22260243000
2014-07-17 	5407.69	5408.65	5337.2	5372.29	-0.82	1.32	1612382500	18502174000
2014-07-18 	5357.51	5408.26	5347.32	5365.94	-0.12	1.13	1436970700	17159682000
2014-07-21 	5363.51	5395.03	5345.46	5388.07	0.41	0.924	1499549600	19291421000
2014-07-22 	5378.87	5462.45	5375.84	5452.5	1.2	1.61	1755175300	23143591000
2014-07-23 	5451.44	5485.36	5405.47	5423.47	-0.53	1.47	1874651700	22739577000
2014-07-24 	5425.28	5466.97	5363.57	5438.82	0.28	1.91	1983116100	24808707000
2014-07-25 	5446.12	5491.41	5438.38	5491.41	0.97	0.975	1814836100	22534072000
2014-07-28 	5507.34	5595.93	5507.12	5587.62	1.75	1.62	2717733100	33757416000
2014-07-29 	5600.43	5675.93	5580.46	5651.28	1.14	1.71	2518095200	33242040000
2014-07-30 	5638.44	5679.49	5624.51	5658.2	0.12	0.973	2269442200	30198486000
2014-07-31 	5657.41	5713.99	5651.05	5713.25	0.97	1.11	1985593900	27197200000
2014-08-01 	5699.13	5741.98	5646.27	5646.97	-1.16	1.68	2353792100	32606198000
2014-08-04 	5650.92	5737.04	5650.92	5736.34	1.58	1.52	2086540100	28475742000
2014-08-05 	5743.1	5752.33	5689.34	5751.04	0.26	1.1	2110151800	30861338000
2014-08-06 	5735.89	5804.45	5710.4	5792.84	0.73	1.64	2470897900	32694275000
2014-08-07 	5792.56	5806.8	5710.45	5712.75	-1.38	1.66	2188765700	28425821000
2014-08-08 	5717.68	5768.95	5716.09	5739.72	0.47	0.925	1699331600	23318852000
2014-08-11 	5756.59	5826.75	5756.59	5826.64	1.51	1.22	2060736200	28451108000
2014-08-12 	5823.41	5844.73	5806.9	5834.55	0.14	0.649	1961041500	28058427000
2014-08-13 	5835.44	5836.25	5747.45	5810.87	-0.41	1.52	2019726400	27658457000
2014-08-14 	5802.61	5834.59	5756.55	5762.17	-0.84	1.34	2104997600	26657573000
2014-08-15 	5769.29	5848.47	5762.41	5830.26	1.18	1.49	2196361200	25575022000
2014-08-18 	5849.7	5903.07	5849.7	5902.76	1.24	0.916	2935843500	30834079000
2014-08-19 	5921.6	5936.4	5883.08	5919.08	0.28	0.903	2634409300	34219207000
2014-08-20 	5921.63	5933.08	5879.15	5894.32	-0.42	0.911	2254956700	28578237000
2014-08-21 	5895.83	5909.07	5843.19	5906.61	0.21	1.12	2304966400	29659900000
2014-08-22 	5907.11	5938.02	5889.28	5931.96	0.43	0.825	2178949600	30516601000
2014-08-25 	5939.31	5941.45	5862.02	5874.25	-0.97	1.34	2293242100	31134050000
2014-08-26 	5866.03	5890.18	5769.36	5789.48	-1.44	2.06	2182867300	28582371000
2014-08-27 	5794.31	5857.78	5794.31	5838.82	0.85	1.1	1781135400	24521746000
2014-08-28 	5845.22	5860.57	5773.66	5786.56	-0.9	1.49	1691489900	23164638000
2014-08-29 	5794.84	5876.35	5794.37	5876.35	1.55	1.42	1559514500	20543817000
2014-09-01 	5904.52	5975.11	5904.52	5974.45	1.67	1.2	2279867400	29986670000
2014-09-02 	5985.04	6066.31	5967.22	6062.05	1.47	1.66	2999867600	40203777000
2014-09-03 	6078.01	6122.28	6072.89	6114.59	0.87	0.815	3540380700	47405942000
2014-09-04 	6112.76	6192.18	6093.38	6178.67	1.05	1.62	3236700900	44087210000
2014-09-05 	6188.58	6216.45	6152.64	6213.25	0.56	1.03	3775257600	45070290000
2014-09-09 	6223.64	6273.12	6190.25	6264	0.82	1.33	3409962500	42460118000
2014-09-10 	6243.74	6270.66	6209.32	6261.58	-0.04	0.979	2739235000	36696519000
2014-09-11 	6254.26	6332.53	6201.48	6238.41	-0.37	2.09	3266025900	43066099000
2014-09-12 	6232.57	6304.47	6222.99	6304.25	1.06	1.31	2889468400	37210820000
2014-09-15 	6304.37	6335.16	6282.4	6331.07	0.43	0.837	3011769700	39547650000
2014-09-16 	6328.97	6334.19	6104.56	6105.01	-3.57	3.63	4033449000	48680230000
2014-09-17 	6114.22	6145.42	6044.2	6135.57	0.5	1.66	2559857700	30861051000
2014-09-18 	6127.32	6165.16	6105.22	6155.11	0.32	0.977	2032314200	25201154000
2014-09-19 	6164.6	6242.93	6153.91	6228.78	1.2	1.45	2290960500	29401439000
2014-09-22 	6223.46	6223.46	6109.34	6120.96	-1.73	1.83	2236167700	28358434000
2014-09-23 	6122.71	6226.98	6121.53	6222.99	1.67	1.72	2108946900	29305899000
2014-09-24 	6207.4	6332.93	6191.08	6325.23	1.64	2.28	2867855000	37711033000
2014-09-25 	6367.84	6432.04	6336.03	6361.82	0.58	1.52	3106614800	41753023000
2014-09-26 	6351.86	6386.64	6324.83	6367.54	0.09	0.972	2257303500	30809110000
2014-09-29 	6393.64	6424.7	6362.7	6402.97	0.56	0.974	3092289200	39457039000
2014-09-30 	6411.28	6448.62	6395.21	6436	0.52	0.834	2449850600	33226842000
2014-10-08 	6457.37	6555.69	6440.41	6555.17	1.85	1.79	3082615300	44935646000
2014-10-09 	6564.96	6586.93	6482.27	6556.11	0.01	1.6	3473596800	46820388000
2014-10-10 	6532.5	6576.53	6500.41	6538.01	-0.28	1.16	3502981200	42483074000
2014-10-13 	6527.08	6549.87	6450.38	6548.44	0.16	1.52	3438768200	40639400000
2014-10-14 	6543.96	6587.4	6486.61	6527.1	-0.33	1.54	3683091000	41714938000
2014-10-15 	6519.93	6546.49	6446.14	6546.07	0.29	1.54	2957331700	38878459000
2014-10-16 	6508.16	6585.25	6449.2	6449.2	-1.48	2.08	3556225100	43221917000
2014-10-17 	6435.82	6475.03	6311.22	6438.96	-0.16	2.54	3597471300	39471992000
2014-10-20 	6454.78	6506.83	6451.82	6502.57	0.99	0.854	2349666800	29285985000
2014-10-21 	6503.56	6505.43	6401.55	6410.08	-1.42	1.6	2245834100	27866827000
2014-10-22 	6412.09	6455.21	6350.31	6353.86	-0.88	1.64	2235836700	28040509000
2014-10-23 	6343.66	6372.74	6262.75	6290.34	-1	1.73	2617063600	28179466000
2014-10-24 	6299.27	6330.56	6260.38	6276.81	-0.22	1.12	2084433800	23356161000
2014-10-27 	6263.99	6317.55	6232.65	6317.19	0.64	1.35	1334266100	17750011000
2014-10-28 	6329.29	6457.18	6329.26	6456.62	2.21	2.02	2150385000	28899910000
2014-10-29 	6471.7	6513.29	6435.06	6504.1	0.74	1.21	2864327100	37801446000
2014-10-30 	6505.74	6535.12	6474.35	6500.47	-0.06	0.934	2834266200	36650657000
2014-10-31 	6517.13	6534.36	6440.66	6505.48	0.08	1.44	3016335500	38010508000
2014-11-03 	6514.61	6533.09	6487.58	6524.16	0.29	0.7	2837969300	32612812000
2014-11-04 	6521.81	6521.81	6455.21	6494.44	-0.46	1.02	3314714000	37680057000
2014-11-05 	6492.45	6512.39	6465.68	6484.8	-0.15	0.719	2657144700	31319059000
2014-11-06 	6484.56	6509.8	6428.98	6509.12	0.38	1.25	2414548400	29514617000
2014-11-07 	6518.65	6547.61	6423.28	6440.52	-1.05	1.91	2803458700	36117401000
2014-11-10 	6456.37	6526.87	6447.13	6526.75	1.34	1.24	2681866600	33734519000
2014-11-11 	6542.86	6548.35	6328.06	6377.83	-2.28	3.38	3506955900	44909490000
2014-11-12 	6366.7	6460.72	6362.88	6460.38	1.29	1.53	2100507700	27462175000
2014-11-13 	6459.17	6459.17	6314.46	6354.34	-1.64	2.24	2550826600	34611422000
2014-11-14 	6339.66	6378.94	6307.96	6370.94	0.26	1.12	2227674300	29115718000
2014-11-17 	6413.84	6473.36	6366.65	6428.79	0.91	1.68	2291475800	31835148000
2014-11-18 	6429.27	6455.69	6405.93	6428.46	-0.01	0.774	2195710700	27001319000
2014-11-19 	6432.14	6469.94	6402.73	6443.43	0.23	1.05	2528590500	34493553000
2014-11-20 	6419.49	6426.92	6389.44	6399.16	-0.69	0.582	1877108900	24585332000
2014-11-21 	6402.09	6450.31	6396.34	6450.16	0.8	0.843	2047084100	26166067000
2014-11-24 	6519.93	6553.86	6472.71	6536.57	1.34	1.26	3636534400	45123671000
2014-11-25 	6556.04	6640.16	6545.57	6639.85	1.58	1.45	3284563200	45038906000
2014-11-26 	6653.84	6676.12	6612.14	6664.46	0.37	0.964	3297223000	48252380000
2014-11-27 	6678.3	6687.44	6623.08	6666.09	0.02	0.966	3581157400	48940565000
2014-11-28 	6661.68	6661.68	6567.45	6630.52	-0.53	1.41	3820820800	52826146000
2014-12-01 	6622.86	6622.86	6552.04	6590.82	-0.6	1.07	3945484800	51330962000
2014-12-02 	6590.29	6696.91	6584.24	6684.58	1.42	1.71	3929294000	51904806000
2014-12-03 	6691.37	6825.22	6671.96	6824.79	2.1	2.29	5787557300	79011770000
2014-12-04 	6836.41	6933.63	6834.99	6933.24	1.59	1.45	5391883100	77375376000
2014-12-05 	6972.23	6988.79	6646.18	6897.99	-0.51	4.94	7132283700	98089415000
2014-12-08 	6910.12	7088.84	6863.87	7059.87	2.35	3.26	6026989900	88511292000
2014-12-09 	7057.79	7181.05	6785.36	6814.66	-3.47	5.6	9079363200	1.22636E+11
2014-12-10 	6795.7	7103.36	6772.69	7099.29	4.18	4.85	6273010600	84127881000
2014-12-11 	7101.73	7196.67	7045.48	7163.21	0.9	2.13	6056962200	79303475000
2014-12-12 	7175.12	7212.75	7128.61	7196.2	0.46	1.17	4486569100	64311540000
2014-12-15 	7148.72	7305.29	7129.39	7294.65	1.37	2.44	4856013300	73542976000
2014-12-16 	7292.13	7320.52	7231.2	7261.73	-0.45	1.22	4657906400	66810647000
2014-12-17 	7241.63	7241.63	7082.34	7148.44	-1.56	2.19	4686309300	69830617000
2014-12-18 	7150.29	7271.14	7149.28	7224.37	1.06	1.7	5499297900	77345703000
2014-12-19 	7211.07	7214.79	7053.68	7203.61	-0.29	2.23	5945944600	80254960000
2014-12-22 	7205.82	7208.59	6959.78	7005.99	-2.74	3.45	6146766200	82792896000
2014-12-23 	6972.42	7022.06	6842.71	6854.1	-2.17	2.56	4124703300	54120200000
2014-12-24 	6885.94	6927.12	6846.01	6925.25	1.04	1.18	4196079000	52985586000
2014-12-25 	6947.36	7026.5	6924.45	7026.01	1.45	1.47	3779561200	50395405000
2014-12-26 	7042.42	7085.88	6991.65	7073.19	0.67	1.34	4288347300	58543519000
2014-12-29 	7084.6	7091.19	6944.83	6998.37	-1.06	2.07	4881619100	67861578000
2014-12-30 	6984.07	7010.27	6827.61	6847.95	-2.15	2.61	3767682700	55396461000
2014-12-31 	6865.18	6949.64	6833.76	6940.41	1.35	1.69	3703160800	51875487000
2015-01-05 	6966.21	7144.69	6926.34	7119.35	2.58	3.15	5601963000	79863926000
2015-01-06 	7106.08	7348.25	7074.97	7343.87	3.15	3.84	6235907800	95994574000
2015-01-07 	7336.94	7359.09	7272.77	7321.18	-0.31	1.18	4354616400	66465467000
2015-01-08 	7336.54	7400.66	7285.96	7322.76	0.02	1.57	4386385500	66806512000
2015-01-09 	7321.45	7431.23	7263.51	7264.8	-0.79	2.29	5020580100	73595052000
2015-01-12 	7236.73	7264.24	7142.02	7223.32	-0.57	1.68	5103042100	70773665000
2015-01-13 	7225.63	7376.41	7225.63	7349.82	1.75	2.09	4121926300	62972464000
2015-01-14 	7358.87	7366.97	7240.06	7277.77	-0.98	1.73	3280995900	50013709000
2015-01-15 	7282.84	7349.25	7248.56	7348.41	0.97	1.38	3837003700	54059397000
2015-01-16 	7376.24	7514.37	7370.24	7490.96	1.94	1.96	5218888200	76359523000
2015-01-19 	7262.54	7483.25	7072.69	7175.64	-4.21	5.48	6374935900	94755552000
2015-01-20 	7219.01	7465.28	7219.01	7464.62	4.03	3.43	5365211900	85328128000
2015-01-21 	7512.2	7653.81	7501.97	7653.15	2.53	2.03	6166927700	1.00126E+11
2015-01-22 	7655.17	7807.03	7640.92	7774.99	1.59	2.17	5575410400	91878464000
2015-01-23 	7788.62	7797.41	7640.78	7666.69	-1.39	2.01	5089052700	83427878000
2015-01-26 	7690.46	7822.5	7690.46	7819.47	1.99	1.72	4893885500	78835282000
2015-01-27 	7854.84	7884.6	7729.97	7856.43	0.47	1.98	5576310600	86001320000
2015-01-28 	7829.31	7845.65	7720.27	7747.77	-1.38	1.6	4076515300	66698504000
2015-01-29 	7687.96	7736.91	7637.81	7670.72	-0.99	1.28	3454647600	54304661000
2015-01-30 	7692.36	7714.21	7565.8	7567.66	-1.34	1.93	4000617100	59725941000
2015-02-02 	7469.16	7551.9	7453.93	7486.26	-1.08	1.29	3549475800	54179783000
2015-02-03 	7528.24	7603.39	7505.49	7594.86	1.45	1.31	3395546700	55526478000
2015-02-04 	7609	7649.01	7532.47	7537.37	-0.76	1.53	3878043900	62761875000
2015-02-05 	7598.72	7627.78	7480.3	7481.19	-0.75	1.96	4282604500	69903538000
2015-02-06 	7471.11	7506.71	7310.88	7354.94	-1.69	2.62	3225589700	50569857000
2015-02-09 	7356	7394.67	7307.01	7325.25	-0.4	1.19	2584066100	40495531000
2015-02-10 	7325.94	7464.32	7324.41	7463.58	1.89	1.91	2766681800	42214583000
2015-02-11 	7475.5	7565.76	7473.68	7555.48	1.23	1.23	3440650100	50633358000
2015-02-12 	7563.3	7614.26	7543.43	7600.4	0.59	0.938	3914686900	54433704000
2015-02-13 	7631.81	7749.29	7629.61	7705.12	1.38	1.57	4085332000	63496468000
2015-02-16 	7733.65	7894.18	7733.65	7893.97	2.45	2.08	4060441100	69113340000
2015-02-17 	7927.14	7942.12	7885.66	7908.31	0.18	0.715	3314996400	56881582000
2015-02-25 	7932.86	7962.61	7857.6	7888.37	-0.25	1.33	3516295300	60473082000
2015-02-26 	7887.64	7976.5	7867.3	7974.15	1.09	1.38	3998803300	61232255000
2015-02-27 	7977.32	8073.35	7975.38	8048.01	0.93	1.23	4427967900	72710777000
2015-03-02 	8105.84	8169.78	8051.85	8168.47	1.5	1.47	4832410600	81848340000
2015-03-03 	8130.05	8226.01	8078.03	8090.74	-0.95	1.81	5456165200	92836699000
2015-03-04 	8109.03	8231.76	8107.13	8231.19	1.74	1.54	4521513400	78505396000
2015-03-05 	8225.37	8252.02	8145.57	8220.49	-0.13	1.29	4411103800	74839260000
2015-03-06 	8242.66	8261.21	8080.87	8095.69	-1.52	2.19	4352203200	71587289000
2015-03-09 	8076.93	8196.22	8019.62	8195.42	1.23	2.18	3320141600	53859662000
2015-03-10 	8201.34	8297.1	8195.28	8263.54	0.83	1.24	4007867700	67775524000
2015-03-11 	8268.13	8289.66	8168.71	8198.06	-0.79	1.46	3327479400	57427127000
2015-03-12 	8223.1	8237.23	8149.29	8207.43	0.11	1.07	3606028500	61403836000
2015-03-13 	8231.73	8286.75	8203.8	8286.75	0.97	1.01	3237450900	57717385000
2015-03-16 	8340.41	8523.19	8329.32	8521.31	2.83	2.34	4701725700	86272446000
2015-03-17 	8551.05	8626.85	8498.52	8593.24	0.84	1.51	6031021100	1.03249E+11
2015-03-18 	8596.93	8778.12	8565.22	8777.64	2.15	2.48	6955319600	1.15813E+11
2015-03-19 	8810.53	8857.82	8751.73	8833.21	0.63	1.21	7153761300	1.16733E+11
2015-03-20 	8856.94	8940.3	8836.16	8893.62	0.68	1.18	6012401100	1.04604E+11
2015-03-23 	8940.27	9109.02	8940.27	9108.72	2.42	1.9	6415181100	1.16252E+11
2015-03-24 	9142.84	9200.39	8874.02	9195.78	0.96	3.58	7586122800	1.42577E+11
2015-03-25 	9179.6	9316.42	9128.18	9247.32	0.56	2.05	6785070500	1.27157E+11
2015-03-26 	9220.82	9287.79	9078.1	9174.5	-0.79	2.27	7322518200	1.3319E+11
2015-03-27 	9185.21	9276.71	9128.23	9236.04	0.67	1.62	5981735400	1.03535E+11
2015-03-30 	9275.67	9415.97	9275.67	9383.3	1.59	1.52	6427292300	1.1431E+11
2015-03-31 	9418.32	9511.77	9355.66	9392.32	0.1	1.66	6270274900	1.18576E+11
2015-04-01 	9405.31	9669.62	9402.75	9644.7	2.69	2.84	5932574800	1.13304E+11
2015-04-02 	9707.97	9805.48	9640.69	9785.58	1.46	1.71	6164762300	1.21632E+11
2015-04-03 	9748.36	9895.35	9705.21	9885.26	1.02	1.94	5582325200	1.12288E+11
2015-04-07 	10004.56	10054.94	9980.37	10053.44	1.7	0.754	6204503100	1.26272E+11
2015-04-08 	10139.06	10141.17	9809.31	9951.76	-1.01	3.3	6253053300	1.28645E+11
2015-04-09 	9984.03	9985.06	9528.28	9835.93	-1.16	4.59	6995110200	1.40465E+11
2015-04-10 	9802.86	10092.41	9747.75	10078.42	2.47	3.5	5700883200	1.19256E+11
2015-04-13 	10135.76	10322.16	10121.69	10300.21	2.2	1.99	6175783700	1.31523E+11
2015-04-14 	10363.33	10469.6	10278.54	10377.26	0.75	1.85	7595632100	1.47204E+11
2015-04-15 	10410.67	10410.67	10138.51	10139.64	-2.29	2.62	6561661800	1.33166E+11
2015-04-16 	10127.33	10510.71	10075.04	10467.13	3.23	4.3	6781761800	1.31766E+11
2015-04-17 	10649.47	10732.42	10583.52	10679.25	2.03	1.42	8004956700	1.58826E+11
2015-04-20 	10739.7	10871.23	10513.78	10592.94	-0.81	3.35	12523202700	2.69534E+11
2015-04-21 	10575.43	10827.24	10574.14	10827.24	2.21	2.39	9340248000	1.91088E+11
2015-04-22 	10835.56	11052.91	10835.56	11026.26	1.84	2.01	9095368900	2.0303E+11
2015-04-23 	11104.89	11207.01	11011.21	11169.25	1.3	1.78	8799288600	1.97844E+11
2015-04-24 	11095.59	11358.82	11034.64	11307.96	1.24	2.9	8496486900	1.98478E+11
2015-04-27 	11506.95	11552.65	11310.07	11409.75	0.9	2.15	8982789200	2.07052E+11
2015-04-28 	11428.83	11432.91	10879.24	10961.16	-3.93	4.85	8899998700	2.00646E+11
2015-04-29 	10900.67	11268.6	10882.62	11233.28	2.48	3.52	6640374700	1.57182E+11
2015-04-30 	11292.54	11357.83	11176.49	11178.19	-0.49	1.61	6132760200	1.47702E+11
2015-05-04 	11196.48	11270.7	11034.11	11264.69	0.77	2.12	6356702100	1.43434E+11
2015-05-05 	11253.15	11279.31	10927.79	10987.43	-2.46	3.12	7467879600	1.70507E+11
2015-05-06 	11070.23	11213.96	10791.38	10872.68	-1.04	3.85	6309776900	1.4601E+11
2015-05-07 	10816.28	10879.48	10639.77	10653.75	-2.01	2.2	4611173700	96874766000
2015-05-08 	10738.34	11018.06	10720.76	11017.41	3.41	2.79	5108157900	1.14232E+11
2015-05-11 	11129.6	11448.65	11040.99	11447.9	3.91	3.7	6243464400	1.4737E+11
2015-05-12 	11480.57	11713.63	11432.79	11701.15	2.21	2.45	6876629700	1.67709E+11
2015-05-13 	11676.72	11876.77	11592.38	11753.64	0.45	2.43	6981653500	1.70741E+11
2015-05-14 	11783.56	11881.97	11663.55	11746.29	-0.06	1.86	6456980600	1.44016E+11
2015-05-15 	11721.01	11798.49	11521.56	11676.9	-0.59	2.36	6345655400	1.41261E+11
2015-05-18 	11639.13	11886.92	11611.5	11821.8	1.24	2.36	5380434600	1.32194E+11
2015-05-19 	11845.63	12085.08	11757.94	12066.49	2.07	2.77	5532705400	1.30695E+11
2015-05-20 	12125.56	12483.17	12123.97	12244	1.47	2.98	7116272300	1.66907E+11
2015-05-21 	12301.84	12646.24	12280.08	12645.84	3.28	2.99	6363352600	1.56631E+11
2015-05-22 	12801.48	12881.46	12506.09	12766.08	0.95	2.97	7733990400	1.80464E+11
2015-05-25 	12694.03	13146.45	12647.78	13145.31	2.97	3.91	7283184100	1.83399E+11
2015-05-26 	13276.85	13597.62	13207.66	13591.08	3.39	2.97	8459719700	2.07854E+11
2015-05-27 	13673.24	13713.89	13344.26	13606.7	0.11	2.72	8985746400	2.24743E+11
2015-05-28 	13579.34	13689.37	12705.49	12716.9	-6.54	7.23	8895463000	2.14424E+11
2015-05-29 	12707.3	13099.64	12288.15	12873.53	1.23	6.38	6988732800	1.67304E+11
2015-06-01 	12999.72	13487.02	12981.76	13486.36	4.76	3.92	6180386900	1.57414E+11
2015-06-02 	13587.72	13834.08	13457.33	13832.29	2.57	2.79	6676179800	1.74588E+11
2015-06-03 	13904.82	13905.08	13482.27	13751.83	-0.58	3.06	6307182100	1.64374E+11
2015-06-04 	13806.42	13835.09	12880.86	13731.7	-0.15	6.94	6799365200	1.64526E+11
2015-06-05 	13885.4	14017.34	13550.55	13840.8	0.79	3.4	8179375600	1.96185E+11
2015-06-08 	13875.44	13875.44	13467.56	13702.43	-1	2.95	7480720800	1.78793E+11
2015-06-09 	13758.46	13917.17	13583.11	13790.89	0.65	2.44	9187605300	2.27469E+11
2015-06-10 	13674.27	14022.95	13542.2	13882.85	0.67	3.49	8113783700	2.02998E+11
2015-06-11 	13876.07	13978.93	13769.69	13978.78	0.69	1.51	7347184200	1.89378E+11
2015-06-12 	14046.2	14144.14	13937.13	14061.6	0.59	1.48	7521665700	1.87818E+11
2015-06-15 	14140.41	14194.69	13769.99	13803.53	-1.84	3.02	7522497300	1.93736E+11
2015-06-16 	13672.82	13672.82	13107.91	13242.91	-4.06	4.09	6972529700	1.77123E+11
2015-06-17 	13221.3	13472.3	12779.29	13409.49	1.26	5.23	5875547100	1.4588E+11
2015-06-18 	13355.36	13427.27	12872.69	12895.46	-3.83	4.14	5355981700	1.30147E+11
2015-06-19 	12654.97	12803.7	12084.71	12098.88	-6.18	5.58	5273743800	1.2666E+11
2015-06-23 	12089.35	12423.33	11442.02	12423.33	2.68	8.11	5891634000	1.40111E+11
2015-06-24 	12505.63	12712.23	12315.05	12644.97	1.78	3.2	6184612700	1.52601E+11
2015-06-25 	12663.79	12676.95	11919.89	12054.12	-4.67	5.99	6955974700	1.63635E+11
2015-06-26 	11658.1	11696.12	10946.91	10990.89	-8.82	6.22	6665372500	1.4348E+11
2015-06-29 	11257.1	11267.6	10033.85	10294.29	-6.34	11.23	8317489300	1.67145E+11
2015-06-30 	10107.45	11011.82	9623.94	11004.64	6.9	13.48	9277947500	1.85854E+11
2015-07-01 	10870.71	11343.91	10406.05	10463.13	-4.92	8.52	8181821100	1.78636E+11
2015-07-02 	10472.41	10565.06	9688.18	9851.52	-5.85	8.38	7814146200	1.5116E+11
2015-07-03 	9585.95	10120.3	9037.78	9323.57	-5.36	10.99	7727893600	1.44254E+11
2015-07-06 	10110.33	10110.33	8770.97	9212.94	-1.19	14.37	9961394000	1.86252E+11
2015-07-07 	8857.31	8962.19	8445.6	8556.67	-7.12	5.61	9240679600	1.50296E+11
2015-07-08 	8020.5	8203.27	8006.89	8090.67	-5.45	2.3	8857877700	1.38989E+11
2015-07-09 	8005.63	8568.6	7955.99	8567.9	5.9	7.57	6526158100	99911676000
2015-07-10 	8838.52	9116.36	8806.14	9104.49	6.26	3.62	5583903300	99725666000
2015-07-13 	9469.49	9725.58	9384.79	9686.59	6.39	3.74	7477113500	1.38363E+11
2015-07-14 	9860.18	10145.58	9742.16	9857.46	1.76	4.16	8290305200	1.57229E+11
2015-07-15 	9793.05	9818.19	9185.71	9248.84	-6.17	6.42	7775494000	1.40031E+11
2015-07-16 	9194.19	9714.18	8834.54	9528.66	3.03	9.51	6760710100	1.26061E+11
2015-07-17 	9613.81	10182.39	9594.64	10102.67	6.02	6.17	6861825200	1.33906E+11
2015-07-20 	10166.99	10475.74	10035.4	10281.89	1.77	4.36	7560171100	1.57828E+11
2015-07-21 	10146.84	10456.62	10057.53	10383.2	0.99	3.88	6163469500	1.26853E+11
2015-07-22 	10372.92	10585.75	10246.31	10523.29	1.35	3.27	6623697300	1.38986E+11
2015-07-23 	10535.96	10853.5	10435.92	10801.49	2.64	3.97	7110833500	1.4424E+11
2015-07-24 	10816.04	11002.16	10529.37	10631.22	-1.58	4.38	7918021500	1.652E+11
2015-07-27 	10386.34	10681.19	9726.77	9727.31	-8.5	8.98	7091056400	1.47071E+11
2015-07-28 	9306.06	9918.34	9054.74	9617.19	-1.13	8.88	7393313900	1.40025E+11
2015-07-29 	9764.77	10147.21	9488.22	10146.57	5.5	6.85	5761413800	1.17044E+11
2015-07-30 	10104.8	10357.48	9793.9	9860.49	-2.82	5.55	6315477200	1.36582E+11
2015-07-31 	9728.83	9983.78	9662.05	9794.03	-0.67	3.26	4708948300	99636069000
2015-08-03 	9618.84	9781.03	9430.39	9649.54	-1.48	3.58	4819238600	94344572000
2015-08-04 	9658.28	10162.53	9642.74	10162	5.31	5.39	4889304800	98365196000
2015-08-05 	10156.18	10283.88	9912.38	9983.29	-1.76	3.66	5136696300	1.03026E+11
2015-08-06 	9769.26	10100.16	9729.15	9933.44	-0.5	3.72	4094648700	75749081000
2015-08-07 	10046.74	10229.02	10026.19	10213.14	2.82	2.04	4909271200	95950237000
2015-08-10 	10342.01	10771.47	10298.06	10712.99	4.89	4.64	6815841400	1.36173E+11
2015-08-11 	10723.76	10825.89	10583.26	10662.2	-0.47	2.26	7170807000	1.43737E+11
2015-08-12 	10586.97	10772.5	10521.59	10522.76	-1.31	2.35	5376986100	1.09043E+11
2015-08-13 	10456.89	10712.94	10323.15	10712.14	1.8	3.7	5403535600	1.02782E+11
2015-08-14 	10780.36	10844.61	10635.17	10706.56	-0.05	1.96	5314500300	1.05249E+11
2015-08-17 	10693.58	10892.66	10656.79	10878.11	1.6	2.2	5170307000	1.01426E+11
2015-08-18 	10905.29	10937.42	10036.34	10083.08	-7.31	8.28	6666975000	1.32685E+11
2015-08-19 	9740.58	10381.18	9514.23	10309.59	2.25	8.6	5650855200	1.10065E+11
2015-08-20 	10181.39	10334.5	9930	9930	-3.68	3.92	4689714900	92904903000
2015-08-21 	9736.37	9907.77	9317.81	9379.91	-5.54	5.94	4762730700	88256574000
2015-08-24 	8941.08	9010.93	8527.56	8538.78	-8.97	5.15	4390453000	73715007000
2015-08-25 	7882.75	8184.67	7805.58	7831.26	-8.29	4.44	5060016700	74626486000
2015-08-26 	7897.39	8192.42	7482.65	7609.6	-2.83	9.06	5903605500	89413893000
2015-08-27 	7801.97	8017.51	7528.54	8014.76	5.32	6.43	5516327800	82313386000
2015-08-28 	8159.35	8528.28	8100.58	8509.07	6.17	5.34	5737689400	90656497000
2015-08-31 	8462.96	8495.12	8191.93	8489.59	-0.23	3.56	5863682900	94905290000
2015-09-01 	8335.77	8335.77	7918.18	8192.32	-3.5	4.92	5907118800	88754767000
2015-09-02 	7771.42	8298.02	7758.43	8120.71	-0.87	6.59	5328701500	81736680000
2015-09-07 	8179.2	8466.17	7942.83	7978.46	-1.75	6.44	4104627600	65465600000
2015-09-08 	7899.22	8290.64	7763.53	8267.68	3.63	6.61	3219828600	50744263000
2015-09-09 	8311.79	8590.06	8273.81	8481.66	2.59	3.83	5252169200	87130466000
2015-09-10 	8334.65	8496.18	8292.37	8319.33	-1.91	2.4	3398356600	56282475000
2015-09-11 	8298.55	8403.78	8190.34	8296.44	-0.28	2.57	2595735900	43466439000
2015-09-14 	8372.08	8392.69	7723.04	7880.27	-5.02	8.07	4537504100	67060776000
2015-09-15 	7678.53	7786.57	7379.44	7412.7	-5.93	5.17	3053809900	43214722000
2015-09-16 	7406.45	7999.57	7375.3	7942.01	7.14	8.42	3832465500	56547539000
2015-09-17 	7871.56	8107.5	7737.35	7737.41	-2.58	4.66	4552363400	71625089000
2015-09-18 	7773.78	7848.92	7682.25	7783.58	0.6	2.15	2779543800	43286115000
2015-09-21 	7687.2	8062.79	7656.51	8050.04	3.42	5.22	3925680500	59360936000
2015-09-22 	8073.76	8179.51	7996.06	8096.28	0.57	2.28	3863925700	59730649000
2015-09-23 	7948.35	8090.79	7901.62	7957.07	-1.72	2.34	3088218200	48069775000
2015-09-24 	8014.31	8104.91	7965.79	8053.75	1.22	1.75	2622875300	43459852000
2015-09-25 	8015.71	8083.79	7757.21	7808.81	-3.04	4.05	2912180600	44457015000
2015-09-28 	7823.3	7932.58	7702.85	7926.38	1.51	2.94	2062223200	31873401000
2015-09-29 	7790.61	7857.64	7696.66	7739.4	-2.36	2.03	2036146900	31051015000
2015-09-30 	7798.44	7900.58	7742.17	7848.96	1.42	2.05	2158330200	35053851000
2015-10-08 	8166.8	8269.2	8109.53	8181.17	4.23	2.03	3362334700	55233716000
2015-10-09 	8159.3	8337.31	8142.02	8295.86	1.4	2.39	3190505800	51629444000
2015-10-12 	8334.83	8697.64	8330.91	8555.97	3.14	4.42	5142826100	86634445000
2015-10-13 	8492.43	8642.94	8462.43	8623.03	0.78	2.11	3759157100	62771681000
2015-10-14 	8619.74	8701.35	8521.18	8532.26	-1.05	2.09	3632216600	59458433000
2015-10-15 	8521.82	8805.32	8518.68	8804.43	3.19	3.36	4192904200	70995500000
2015-10-16 	8888.39	8947.04	8789.89	8937.46	1.51	1.78	4865171300	82705215000
2015-10-19 	9001.41	9045.48	8848.23	8956.51	0.21	2.21	5192445800	86362433000
2015-10-20 	8947.9	9106.09	8906.04	9105.7	1.67	2.23	4616016800	79319762000
2015-10-21 	9115.57	9146.57	8510.65	8579.29	-5.78	6.98	6237990100	1.04732E+11
2015-10-22 	8573.1	8912.68	8564.63	8891.64	3.64	4.06	4432088700	77046759000
2015-10-23 	8980.73	9133.45	8909.68	9093.21	2.27	2.52	4787789000	87711213000
2015-10-26 	9205.1	9237.82	9033.75	9154.34	0.67	2.24	4798189400	91894794000
2015-10-27 	9077.72	9295.45	8825.42	9258.91	1.14	5.13	5132827800	94045541000
2015-10-28 	9204.52	9324.75	8988.87	9027.93	-2.49	3.63	4643066200	85100859000
2015-10-29 	9096.2	9181.56	8972.59	9090.9	0.7	2.31	3318363200	61723623000
2015-10-30 	9065.49	9170.48	8930.86	9031.7	-0.65	2.64	3199373600	59410816000
2015-11-02 	8900.1	9081.68	8810.72	8822.86	-2.31	3	2994003600	55953408000
2015-11-03 	8860.46	8899.29	8717.32	8772.93	-0.57	2.06	2310082400	44133072000
2015-11-04 	8825.61	9206	8825.61	9205.97	4.94	4.34	3969454400	74860347000
2015-11-05 	9211.52	9374.94	9161.54	9214.47	0.09	2.32	6895650500	1.19952E+11
2015-11-06 	9247.82	9447.12	9247.82	9438.61	2.43	2.16	5425193600	99084669000
2015-11-09 	9411.77	9606.95	9335.36	9529.23	0.96	2.88	6150170800	1.12618E+11
2015-11-10 	9507.7	9632.03	9448.03	9533.36	0.04	1.93	5275622800	1.0176E+11
2015-11-11 	9571.58	9614.02	9479	9612.79	0.83	1.42	4385131800	84483845000
2015-11-12 	9664.02	9683.22	9511.65	9611.47	-0.01	1.78	4757854800	94787687000
2015-11-13 	9507.41	9549.2	9332.1	9408.48	-2.11	2.26	4478785400	85926821000
2015-11-16 	9263.88	9581.86	9260.59	9581.26	1.84	3.41	3580657300	75541503000
2015-11-17 	9667.54	9706.51	9477.95	9514.75	-0.69	2.39	5505479900	1.1923E+11
2015-11-18 	9515.81	9531.17	9286.82	9309.8	-2.15	2.57	3401270900	71056154000
2015-11-19 	9356.35	9552.23	9349.41	9551.41	2.6	2.18	3125754500	65150073000
2015-11-20 	9584.43	9665.19	9531.49	9609.73	0.61	1.4	4223952200	85523100000
2015-11-23 	9593.28	9697.36	9511.27	9545.29	-0.67	1.94	4177583800	84627522000
2015-11-24 	9545.34	9567.14	9392.53	9565.4	0.21	1.83	3052579200	61269363000
2015-11-25 	9594.6	9695.37	9550.4	9686.5	1.27	1.52	3422980000	72120645000
2015-11-26 	9715.52	9737.45	9591.29	9622.53	-0.66	1.51	4011051900	81032382000
2015-11-27 	9591.95	9610.85	8936.38	9014.05	-6.32	7.01	4560330300	87244970000
2015-11-30 	9031.43	9138.96	8642.33	9041.05	0.3	5.51	3692132700	69276569000
2015-12-01 	9037.24	9161.04	8992.32	9086.3	0.5	1.87	3102218300	57021641000
2015-12-02 	9077.47	9135.17	8871.41	9133.35	0.52	2.9	3151988700	55065363000
2015-12-03 	9132.71	9278.13	9126.66	9276.49	1.57	1.66	2633821100	49601349000
2015-12-04 	9227.19	9267.03	9094.26	9146.6	-1.4	1.86	2566362700	47820225000
2015-12-07 	9173.44	9300.69	9127.95	9283.9	1.5	1.89	2541486400	50938981000
2015-12-08 	9236.39	9236.39	9072.52	9074.28	-2.26	1.77	2665506400	49806770000
2015-12-09 	9045.27	9108.52	8998.44	9068.7	-0.06	1.21	2513991300	48477687000
2015-12-10 	9072.29	9158.15	9037.51	9060.01	-0.1	1.33	2542735700	49927065000
2015-12-11 	9028.1	9072.39	8978.81	9005.85	-0.6	1.03	2416087500	45894020000
2015-12-14 	8909.06	9184.88	8901.03	9183	1.97	3.15	2955836200	52673114000
2015-12-15 	9194.77	9282.73	9188.89	9252.02	0.75	1.02	2761272600	55567907000
2015-12-16 	9277.18	9320.96	9227.05	9252.27	0	1.01	2569853800	52445598000
2015-12-17 	9326.46	9457.9	9326.46	9457.27	2.22	1.42	3738778700	75498392000
2015-12-18 	9463.88	9502.93	9390.75	9439.01	-0.19	1.19	3349066700	66971617000
2015-12-21 	9446.25	9665.36	9437.81	9641.49	2.15	2.41	4194853100	83836989000
2015-12-22 	9684.18	9721.99	9583.38	9719.5	0.81	1.44	4034234100	75037314000
2015-12-23 	9722.88	9765.76	9582.62	9604.35	-1.18	1.88	3807733900	72454602000
2015-12-24 	9584.28	9618.16	9427.6	9535.07	-0.72	1.98	2806158300	52675220000
2015-12-25 	9547.91	9590.78	9505.01	9563.77	0.3	0.9	2289766800	44942032000
2015-12-28 	9595.95	9616.43	9339.56	9339.75	-2.34	2.9	3103064100	61359199000
2015-12-29 	9326.02	9417.64	9269.5	9417.64	0.83	1.59	2086338200	42462630000
2015-12-30 	9438.37	9508.89	9396.62	9502.87	0.91	1.19	2415594100	50996665000
2015-12-31 	9501.42	9540.63	9385.24	9390.05	-1.19	1.64	2253374800	48398335000
2016-01-04 	9415.27	9422.38	8606.05	8610.9	-8.3	8.69	2565380100	48892420000
2016-01-05 	8278.74	8720.12	8270.79	8587.54	-0.27	5.22	3818557000	68506339000
2016-01-06 	8616.04	8768.69	8563.96	8767.74	2.1	2.38	2851178900	52122683000
2016-01-07 	8602.33	8602.33	8006.53	8025.29	-8.47	6.8	798594600	13599593000
2016-01-08 	8239.36	8323.29	7790.89	8178.22	1.91	6.63	3366864200	57694966000
2016-01-11 	8021.24	8136.37	7645.71	7646	-6.51	6	3247754500	53578585000
2016-01-12 	7686.24	7779.21	7552.23	7718.93	0.95	2.97	2655244600	43652546000
2016-01-13 	7761.46	7809.83	7451.43	7451.43	-3.47	4.64	2288020600	36812790000
2016-01-14 	7242.76	7715.33	7231.94	7713.27	3.51	6.49	2587470200	41244938000
2016-01-15 	7673.63	7741.12	7398.71	7447.94	-3.44	4.44	2553384000	40236028000
