时间	开盘	最高	最低	收盘	涨幅	振幅	总手	金额
2010-08-12 	49.44	49.98	42.71	42.96	47.12 	24.90 	15,301,864	707,098,750
2010-08-13 	45.01	46	43.52	44.45	3.47 	5.77 	8,987,041	402,684,140
2010-08-16 	42	43.57	41.52	43.03	-3.19 	4.61 	6,120,034	259,750,800
2010-08-17 	42.81	43.98	42.58	43.54	1.19 	3.25 	4,062,009	176,281,330
2010-08-18 	43.6	43.77	41.75	41.95	-3.65 	4.64 	4,267,404	180,362,510
2010-08-19 	41.95	42.86	41.7	42.02	0.17 	2.77 	2,859,426	121,042,848
2010-08-20 	41.68	42.44	41.5	42	-0.05 	2.24 	2,443,719	102,728,057
2010-08-23 	42.1	42.39	40	40.12	-4.48 	5.69 	3,670,158	149,675,530
2010-08-24 	40.25	40.25	38.95	39.81	-0.77 	3.24 	2,630,181	103,681,398
2010-08-25 	39.41	40.28	39	39.01	-2.01 	3.22 	1,897,568	75,187,805
2010-08-26 	39.35	39.65	38.66	39.5	1.26 	2.54 	1,721,984	67,419,612
2010-08-27 	39.2	39.79	39.05	39.7	0.51 	1.87 	1,364,248	53,833,298
2010-08-30 	39.85	40.45	39.82	40.15	1.13 	1.59 	1,796,739	72,108,443
2010-08-31 	40.01	40.19	39.6	39.9	-0.62 	1.47 	1,509,819	60,161,649
2010-09-01 	39.96	41.69	39.96	40.91	2.53 	4.34 	2,700,543	110,331,922
2010-09-02 	40.86	41.69	40.44	41.25	0.83 	3.06 	2,421,649	99,600,517
2010-09-03 	41.12	41.87	40.72	41.2	-0.12 	2.79 	2,199,662	90,833,688
2010-09-06 	41.3	41.49	39	39.36	-4.47 	6.04 	2,315,248	92,410,973
2010-09-07 	39.43	39.77	39.11	39.49	0.33 	1.68 	860,417	33,946,813
2010-09-08 	39	39.39	38.8	39.25	-0.61 	1.49 	1,208,879	47,175,817
2010-09-09 	39.15	39.75	38.98	39.15	-0.25 	1.96 	1,333,960	52,405,902
2010-09-10 	38.9	39.3	38.19	38.48	-1.71 	2.84 	1,431,856	55,322,907
2010-09-13 	38.6	39.4	38.42	39.4	2.39 	2.55 	1,362,743	53,208,813
2010-09-14 	39.75	39.88	38.7	38.9	-1.27 	2.99 	1,041,612	40,828,971
2010-09-15 	38.5	38.88	36.08	36.3	-6.68 	7.20 	1,936,146	72,151,597
2010-09-16 	36.25	36.57	34.8	35.43	-2.40 	4.88 	1,508,240	53,514,813
2010-09-17 	35.5	36.15	35.01	35.24	-0.54 	3.22 	837,828	29,744,268
2010-09-20 	35.4	35.58	34.58	34.61	-1.79 	2.84 	636,099	22,203,245
2010-09-21 	34.9	34.9	33.4	33.48	-3.26 	4.33 	915,541	31,051,641
2010-09-27 	33.47	33.9	33.45	33.9	1.25 	1.34 	628,933	21,217,780
2010-09-28 	34.6	37.29	34.6	37.29	10.00 	7.94 	2,986,781	109,773,241
2010-09-29 	36.64	37.52	35.71	37.4	0.29 	4.85 	2,486,068	90,835,572
2010-09-30 	37.01	37.65	36.81	37.18	-0.59 	2.25 	1,121,766	41,837,026
2010-10-08 	37.58	38.2	37.18	37.59	1.10 	2.74 	1,425,006	53,506,963
2010-10-11 	37.58	37.58	36.24	36.43	-3.09 	3.56 	1,320,345	48,362,732
2010-10-12 	36.44	37.25	36.3	36.38	-0.14 	2.61 	782,619	28,724,669
2010-10-13 	36.2	36.2	35.52	36.03	-0.96 	1.87 	1,092,833	39,146,180
2010-10-14 	35.8	36.95	35.62	35.67	-1.00 	3.69 	1,064,180	38,687,738
2010-10-15 	35.55	35.87	34.46	35.1	-1.60 	3.95 	993,279	35,042,203
2010-10-18 	35.35	35.35	34.1	35.26	0.46 	3.56 	791,056	27,395,510
2010-10-19 	35.48	38.2	35.29	37.13	5.30 	8.25 	1,881,607	69,691,534
2010-10-20 	36.5	37.8	36.32	37.15	0.05 	3.99 	1,491,645	55,550,888
2010-10-21 	37.33	38.2	36.6	37.69	1.45 	4.31 	1,288,399	48,271,600
2010-10-22 	37.6	38.59	37.5	38.09	1.06 	2.89 	1,406,344	53,557,705
2010-10-25 	38.1	39.97	38.09	39.69	4.20 	4.94 	2,120,664	83,275,827
2010-10-26 	39.8	39.9	38.77	39.22	-1.18 	2.85 	1,133,445	44,391,110
2010-10-27 	39.35	39.84	38.2	38.26	-2.45 	4.18 	1,026,484	39,676,443
2010-10-28 	38.1	39.2	38	38.86	1.57 	3.14 	1,119,828	43,269,757
2010-10-29 	38.88	41	38.65	40.09	3.17 	6.05 	2,188,593	87,696,250
2010-11-01 	40.58	40.88	39	40.26	0.42 	4.69 	2,820,200	112,833,158
2010-11-02 	40.34	40.34	38.65	38.93	-3.30 	4.20 	1,677,457	65,968,477
2010-11-03 	38.67	38.67	37.7	37.76	-3.01 	2.49 	1,286,189	48,983,694
2010-11-04 	37.7	38.83	37.68	38.52	2.01 	3.05 	804,958	30,827,825
2010-11-05 	38.61	38.88	38	38.38	-0.36 	2.28 	886,200	33,937,125
2010-11-08 	38.6	39.89	38.55	39.59	3.15 	3.49 	1,118,210	43,965,534
2010-11-09 	39.62	40.2	39.2	39.57	-0.05 	2.53 	1,050,731	41,709,371
2010-11-10 	39.58	41.97	39.3	41.5	4.88 	6.75 	2,230,034	92,041,152
2010-11-11 	41.16	44.1	41.1	42.3	1.93 	7.23 	3,490,117	148,780,940
2010-11-12 	42	42.9	39.22	39.6	-6.38 	8.70 	3,637,079	149,710,800
2010-11-15 	39.58	42	39.52	41.9	5.81 	6.26 	2,225,608	90,824,499
2010-11-16 	42.2	42.78	39.8	40.55	-3.22 	7.11 	2,722,589	112,813,098
2010-11-17 	39.94	42.5	39.8	40.73	0.44 	6.66 	2,556,052	105,927,556
2010-11-18 	41.39	43.99	40.18	43.64	7.14 	9.35 	2,904,829	123,434,288
2010-11-19 	43.6	45.5	43.15	45.1	3.35 	5.38 	3,538,252	157,353,880
2010-11-22 	44.55	45.79	43.63	44.35	-1.66 	4.79 	3,278,301	146,760,610
2010-11-23 	43.99	47.49	43.65	47.39	6.85 	8.66 	3,659,201	168,108,200
2010-11-24 	47	49.69	46.7	49.49	4.43 	6.31 	3,395,915	165,185,840
2010-11-25 	49.6	50.01	47.2	48.12	-2.77 	5.68 	2,047,612	99,251,349
2010-11-26 	47.79	52.93	47.79	52.93	10.00 	10.68 	3,199,310	166,642,230
2010-11-29 	52.57	54.87	52.31	53.04	0.21 	4.84 	2,978,545	158,835,090
2010-11-30 	53.1	53.1	48.16	50.07	-5.60 	9.31 	3,263,096	165,999,060
2010-12-01 	49.92	53.99	49.81	51.77	3.40 	8.35 	1,749,098	91,355,341
2010-12-02 	52	52.87	50	51.18	-1.14 	5.54 	1,052,804	54,203,927
2010-12-03 	51.29	51.38	48	49.7	-2.89 	6.60 	2,474,281	122,228,039
2010-12-07 	48.03	50.29	46.71	50.03	0.66 	7.20 	1,974,985	95,477,901
2010-12-08 	49.4	51.5	49	49.56	-0.94 	5.00 	1,276,502	64,163,522
2010-12-09 	50.78	52.5	49.58	50	0.89 	5.89 	2,349,359	119,629,461
2010-12-10 	51.19	55	51.07	55	10.00 	7.86 	2,713,186	146,986,290
2010-12-13 	60.5	60.5	60.5	60.5	10.00 	0.00 	675,040	40,839,920
2010-12-14 	63.59	66.55	62.33	64.55	6.69 	6.98 	6,280,328	403,001,730
2010-12-15 	64.04	65.24	61.38	62.62	-2.99 	5.98 	2,905,780	183,153,780
2010-12-16 	64	68.88	63.11	66.99	6.98 	9.21 	5,351,334	360,510,560
2010-12-17 	65	65.88	63	64.4	-3.87 	4.30 	2,834,597	182,553,750
2010-12-20 	63.8	64.4	59.5	60.08	-6.71 	7.61 	3,501,546	215,057,720
2010-12-21 	61	61.97	59.4	61.3	2.03 	4.28 	2,690,308	163,478,960
2010-12-22 	61.5	65.28	59.7	62.58	2.09 	9.10 	3,214,652	201,562,840
2010-12-23 	62	64.5	59	59.66	-4.67 	8.79 	2,363,909	147,340,290
2010-12-24 	58.2	60.49	56.85	59.79	0.22 	6.10 	2,441,472	142,407,760
2010-12-27 	59.82	61.84	57.21	57.55	-3.75 	7.74 	2,147,101	128,589,407
2010-12-28 	58.11	61.18	58.01	58.8	2.17 	5.51 	2,617,179	155,505,210
2010-12-29 	57.97	60.51	57	60.01	2.06 	5.97 	2,004,189	118,474,101
2010-12-30 	59.71	64.86	59.71	64.14	6.88 	8.58 	3,235,746	202,629,270
2010-12-31 	64.7	65	63	64.38	0.37 	3.12 	2,361,823	150,762,120
2011-01-04 	64.5	65.69	62.6	65.65	1.97 	4.80 	2,471,644	157,708,470
2011-01-05 	64.97	69.08	63.7	64.11	-2.35 	8.19 	2,797,277	186,354,070
2011-01-06 	64.11	65.49	62.57	62.81	-2.03 	4.55 	1,877,901	119,813,546
2011-01-07 	63.08	64.9	62.51	64.23	2.26 	3.81 	1,730,078	110,505,466
2011-01-10 	63.7	63.7	57.81	57.81	-10.00 	9.17 	2,932,889	175,739,370
2011-01-11 	57.1	57.9	55.08	55.51	-3.98 	4.88 	1,742,727	97,948,481
2011-01-12 	55.97	56.76	52.98	54.91	-1.08 	6.81 	1,912,673	104,787,151
2011-01-13 	54.97	56.8	53.82	56.1	2.17 	5.43 	1,443,670	80,081,341
2011-01-14 	55.35	55.68	53	53	-5.53 	4.78 	1,033,340	55,806,690
2011-01-17 	53	54.29	52.21	53.4	0.75 	3.92 	955,227	50,852,771
2011-01-18 	53.6	53.6	52.3	52.82	-1.09 	2.43 	594,938	31,477,372
2011-01-19 	52.9	55.03	51.01	54.29	2.78 	7.61 	1,109,514	59,939,968
2011-01-20 	53.28	55.89	52.9	54.22	-0.13 	5.51 	1,347,063	73,410,104
2011-01-21 	53.91	53.92	51.56	53.25	-1.79 	4.35 	1,576,916	83,035,753
2011-01-24 	52.8	53.17	47.93	47.93	-9.99 	9.84 	1,830,188	90,365,660
2011-01-25 	47.48	47.48	43.61	45.01	-6.09 	8.07 	1,449,586	65,442,873
2011-01-26 	45.09	46.29	44.3	45.5	1.09 	4.42 	688,952	31,343,695
2011-01-27 	45	46.8	43.6	45.88	0.84 	7.03 	973,409	44,171,307
2011-01-28 	45.88	47.78	45.35	46.61	1.59 	5.30 	1,007,466	47,189,848
2011-01-31 	46.59	47.9	46.03	47.7	2.34 	4.01 	754,602	35,616,378
2011-02-01 	47	47.66	45.32	46.45	-2.62 	4.91 	873,093	40,550,224
2011-02-09 	46.1	46.42	44.44	44.44	-4.33 	4.26 	722,317	32,821,205
2011-02-10 	44.44	48.88	44.44	48.88	9.99 	9.99 	928,349	44,191,552
2011-02-11 	50.49	50.98	49.3	50.2	2.70 	3.44 	1,739,182	87,450,848
2011-02-14 	50.5	53.4	50.5	51.6	2.79 	5.78 	1,258,971	65,438,565
2011-02-15 	51.91	52.99	50.21	51.87	0.52 	5.39 	1,108,298	57,354,921
2011-02-16 	51.99	53.78	51.9	53	2.18 	3.62 	1,042,975	55,255,662
2011-02-17 	53.02	54.88	52.2	53.27	0.51 	5.06 	1,235,436	66,098,183
2011-02-18 	53.3	53.94	51.2	51.2	-3.89 	5.14 	1,125,544	58,570,567
2011-02-21 	50.18	53.1	50.18	53	3.52 	5.70 	1,061,782	54,959,159
2011-02-22 	52.59	56.56	52.5	55.2	4.15 	7.66 	2,341,054	127,276,424
2011-02-23 	55.21	58.77	55.21	56.1	1.63 	6.45 	2,411,636	137,619,990
2011-02-24 	55.89	58.98	55.15	58.04	3.46 	6.83 	1,736,814	100,247,505
2011-02-25 	58.05	58.67	56.18	58.3	0.45 	4.29 	1,140,553	65,639,336
2011-02-28 	57.9	60.5	57.65	58.89	1.01 	4.89 	1,199,593	70,800,051
2011-03-01 	58.51	59.38	56.67	57.64	-2.12 	4.60 	1,137,937	65,567,090
2011-03-02 	57.5	59.23	56.38	58.7	1.84 	4.94 	1,159,265	67,078,553
2011-03-03 	58.02	59.8	56.28	56.28	-4.12 	6.00 	983,244	56,589,637
2011-03-04 	56.23	58.3	56.22	57.44	2.06 	3.70 	676,027	38,861,319
2011-03-07 	57.9	58.55	56.29	57.7	0.45 	3.93 	731,038	41,940,556
2011-03-08 	57.83	60.95	57.83	60.92	5.58 	5.41 	1,355,887	80,852,691
2011-03-09 	61	61.8	60	61.23	0.51 	2.95 	746,028	45,481,147
2011-03-10 	65.98	65.98	61.98	62	1.26 	6.53 	1,910,053	121,246,863
2011-03-11 	62.1	68	62	64.7	4.35 	9.68 	2,136,880	139,091,630
2011-03-14 	64.6	65.96	63.02	65.23	0.82 	4.54 	1,226,977	79,016,934
2011-03-15 	64.79	65.76	61.02	63.5	-2.65 	7.27 	1,594,884	100,167,770
2011-03-16 	63.3	65.6	62.55	63.48	-0.03 	4.80 	1,348,362	86,549,178
2011-03-17 	63.37	65.19	61.81	64.32	1.32 	5.32 	1,507,173	95,869,111
2011-03-18 	66.1	67.2	64.33	64.5	0.28 	4.46 	1,304,966	85,470,219
2011-03-21 	64.29	67.88	63.49	66.6	3.26 	6.81 	1,478,528	97,785,936
2011-03-22 	66.9	68.85	62.6	63.1	-5.26 	9.38 	2,123,827	138,595,070
2011-03-23 	63	63.5	61.8	63.13	0.05 	2.69 	1,246,124	78,059,415
2011-03-24 	62.9	63.79	62.08	62.1	-1.63 	2.71 	930,797	58,452,489
2011-03-25 	62.2	62.4	59.1	59.97	-3.43 	5.31 	1,969,116	118,662,505
2011-03-28 	60.2	61.92	59.61	60.67	1.17 	3.85 	1,029,362	62,474,811
2011-03-29 	60.2	61.3	57.9	58.4	-3.74 	5.60 	899,186	52,707,435
2011-03-30 	58.4	58.86	57.16	57.78	-1.06 	2.91 	525,549	30,492,200
2011-03-31 	58	60.29	57.35	59.38	2.77 	5.09 	786,132	46,545,841
2011-04-01 	58.79	60.18	58.5	59.99	1.03 	2.83 	456,087	27,091,527
2011-04-06 	60	60.5	56.7	57.66	-3.88 	6.33 	944,402	54,490,873
2011-04-07 	57.1	58.3	56.5	57.19	-0.82 	3.12 	732,519	42,050,738
2011-04-11 	56.81	62.91	56.81	62.1	8.59 	10.67 	1,651,133	99,388,166
2011-04-12 	61.38	63.41	61.11	62.15	0.08 	3.70 	1,007,958	62,803,498
2011-04-13 	61.93	63.4	61.21	62.29	0.23 	3.52 	899,951	56,286,252
2011-04-14 	62.98	66.57	62.03	66.57	6.87 	7.29 	1,807,446	117,104,495
2011-04-15 	67.8	68.03	65.01	66.7	0.20 	4.54 	1,685,158	112,520,772
2011-04-18 	66.71	66.71	62	63.08	-5.43 	7.06 	1,501,902	95,815,400
2011-04-19 	63.5	64.69	63.05	63.36	0.44 	2.60 	1,085,019	69,295,167
2011-04-20 	64.5	69.7	63.01	69.7	10.01 	10.56 	1,794,562	121,093,721
2011-04-21 	70.88	72.48	68.09	69.48	-0.32 	6.30 	2,343,194	164,130,580
2011-04-22 	69.11	69.8	67.01	68.54	-1.35 	4.02 	1,474,172	100,315,519
2011-04-25 	68.47	72.6	67.4	68.26	-0.41 	7.59 	1,814,767	127,370,070
2011-04-26 	66.88	67.59	64.18	66.07	-3.21 	5.00 	1,299,574	85,451,785
2011-04-27 	66.55	68.48	64.8	65.46	-0.92 	5.57 	934,524	62,215,989
2011-04-28 	66.16	66.89	58.91	58.91	-10.01 	12.19 	2,150,509	132,074,251
2011-04-29 	57.98	60	56.3	59.69	1.32 	6.28 	1,382,049	80,176,711
2011-05-03 	59.54	60.88	58.61	60	0.52 	3.80 	768,620	45,733,264
2011-05-04 	58.06	59.1	57.77	58.15	-3.08 	2.22 	920,376	53,638,909
2011-05-05 	57.9	60.98	57.52	59.4	2.15 	5.95 	1,106,041	66,256,382
2011-05-06 	58.56	61.27	58.03	61	2.69 	5.45 	976,424	58,404,928
2011-05-09 	61.44	62.4	59.5	60.29	-1.16 	4.75 	953,563	57,984,997
2011-05-10 	60.4	61.03	59.21	60.6	0.51 	3.02 	807,664	48,409,660
2011-05-11 	59.96	61.8	58.61	60.9	0.50 	5.26 	914,249	55,018,264
2011-05-12 	61.79	64.44	61.11	62.72	2.99 	5.47 	1,730,641	108,609,613
2011-05-13 	62.19	62.49	59	60.74	-3.16 	5.56 	1,161,077	70,537,134
2011-05-16 	60.2	62.87	60.09	62.5	2.90 	4.58 	836,443	51,650,692
2011-05-17 	61.9	63	59.76	60.5	-3.20 	5.18 	966,611	59,191,051
2011-05-18 	27.51	27.99	25.8	26.83	-55.65 	3.62 	2,249,296	59,884,598
2011-05-19 	26.78	26.99	26.33	26.51	-1.19 	2.46 	995,296	26,485,059
2011-05-20 	26.84	27.45	26.3	26.38	-0.49 	4.34 	1,280,916	34,289,782
2011-05-23 	25.9	26.26	24.4	24.42	-7.43 	7.05 	2,130,957	53,533,838
2011-05-24 	24.03	25.87	23.82	25.2	3.19 	8.39 	1,924,555	48,058,114
2011-05-25 	24.9	25.34	23.82	23.84	-5.40 	6.03 	1,724,164	42,221,186
2011-05-26 	23.98	24.5	22.65	22.98	-3.61 	7.76 	2,205,973	51,490,866
2011-05-27 	22.62	23.57	22.28	22.43	-2.39 	5.61 	1,420,230	32,684,530
2011-05-30 	22.44	23.6	22.16	22.77	1.52 	6.42 	1,422,508	32,819,449
2011-05-31 	22.98	23.32	22.65	23.17	1.76 	2.94 	816,115	18,796,050
2011-06-01 	23.3	23.8	23.11	23.25	0.35 	2.98 	1,121,729	26,200,953
2011-06-02 	22.89	23	22.1	22.28	-4.17 	3.87 	1,351,700	30,402,857
2011-06-03 	22.3	22.65	21.95	22.45	0.76 	3.14 	1,739,933	38,721,475
2011-06-07 	22	22.01	21.39	21.8	-2.90 	2.76 	1,959,264	42,423,644
2011-06-08 	21.71	21.8	20.78	21.24	-2.57 	4.68 	2,554,434	53,985,378
2011-06-09 	20.86	23.36	20.7	22.14	4.24 	12.52 	3,798,508	83,875,580
2011-06-10 	21.71	23	21.48	22.47	1.49 	6.87 	3,059,467	68,041,878
2011-06-13 	22.3	22.3	21.51	21.82	-2.89 	3.52 	1,773,766	38,727,058
2011-06-14 	21.82	22.5	21.75	22.14	1.47 	3.44 	1,433,801	31,728,709
2011-06-15 	22.09	22.59	21.83	21.92	-0.99 	3.43 	1,392,524	30,973,530
2011-06-16 	21.48	21.48	20.4	20.58	-6.11 	4.93 	1,990,880	41,663,039
2011-06-17 	20.5	20.7	19.8	19.82	-3.69 	4.37 	1,601,880	32,316,972
2011-06-20 	19.89	20.22	19.7	19.99	0.86 	2.62 	987,370	19,721,914
2011-06-21 	20.01	20.2	19.41	19.8	-0.95 	3.95 	1,308,760	25,923,868
2011-06-22 	19.9	20.13	19	19	-4.04 	5.71 	1,825,653	35,525,098
2011-06-23 	18.89	19.97	18.7	19.79	4.16 	6.68 	2,324,951	45,594,811
2011-06-24 	19.68	20.88	19.62	20.42	3.18 	6.37 	2,686,690	54,749,951
2011-06-27 	20.3	21.67	20.05	21.25	4.06 	7.93 	3,350,062	70,227,406
2011-06-28 	21.3	21.39	20.75	21.2	-0.24 	3.01 	2,004,982	42,204,019
2011-06-29 	22.8	22.8	21.6	21.63	2.03 	5.66 	3,631,470	80,367,470
2011-06-30 	21.55	22.43	21.18	22.23	2.77 	5.78 	3,313,924	72,561,552
2011-07-01 	22.6	22.72	22.07	22.1	-0.58 	2.92 	2,204,827	49,159,262
2011-07-04 	22.1	22.96	22	22.8	3.17 	4.34 	2,803,669	63,229,272
2011-07-05 	22.8	23.19	22.6	22.83	0.13 	2.59 	2,284,875	52,144,931
2011-07-06 	22.95	23	22.4	22.78	-0.22 	2.63 	2,355,876	53,506,764
2011-07-07 	22.87	23.14	22.46	22.97	0.83 	2.99 	3,083,304	70,371,265
2011-07-08 	22.88	23.05	22.11	22.26	-3.09 	4.09 	2,437,690	54,701,023
2011-07-12 	22.1	24.49	21.9	23.82	7.01 	11.64 	6,504,297	153,949,310
2011-07-13 	23.52	24.28	23.5	24.19	1.55 	3.27 	3,672,839	88,134,692
2011-07-14 	24.48	24.68	23.8	24.4	0.87 	3.64 	2,441,097	59,098,724
2011-07-15 	24.43	25.68	24.41	24.73	1.35 	5.20 	3,747,050	93,481,621
2011-07-18 	24.81	24.99	24.06	24.15	-2.35 	3.76 	2,585,418	62,680,571
2011-07-19 	24.15	24.2	23.2	23.5	-2.69 	4.14 	2,007,603	47,182,234
2011-07-20 	23.65	24.09	23.4	23.66	0.68 	2.94 	1,154,702	27,467,096
2011-07-21 	23.83	23.85	22.9	23	-2.79 	4.02 	1,501,822	34,984,199
2011-07-22 	23.11	23.48	23	23.24	1.04 	2.09 	1,020,389	23,663,193
2011-07-25 	23.23	23.23	21.86	21.87	-5.90 	5.90 	1,729,792	38,563,353
2011-07-26 	21.9	22.22	21.8	21.97	0.46 	1.92 	846,730	18,606,006
2011-07-27 	22.08	23.18	21.71	23	4.69 	6.69 	1,856,008	41,938,946
2011-07-28 	22.75	24.15	22.63	23.64	2.78 	6.61 	3,098,469	73,429,563
2011-07-29 	23.4	23.86	22.8	22.93	-3.00 	4.48 	1,903,011	44,353,493
2011-08-01 	23.28	23.85	22.95	23.63	3.05 	3.92 	2,081,757	48,975,577
2011-08-02 	23.71	24.04	22.8	23.91	1.18 	5.25 	2,509,334	58,891,322
2011-08-03 	23.72	24.9	23.46	24.52	2.55 	6.02 	3,602,495	87,967,378
2011-08-04 	24.61	24.8	24.02	24.12	-1.63 	3.18 	2,054,402	49,826,499
2011-08-05 	22.58	23.8	22.5	23.4	-2.99 	5.39 	2,092,690	48,765,161
2011-08-08 	23.3	23.76	21.63	22.9	-2.14 	9.10 	2,887,551	66,186,142
2011-08-09 	22	23.32	21.9	23.29	1.70 	6.20 	1,913,987	43,622,917
2011-08-10 	23.58	24.83	23.58	24.17	3.78 	5.37 	3,298,017	80,117,269
2011-08-11 	23.6	25.2	23.41	25.12	3.93 	7.41 	4,753,359	116,665,906
2011-08-12 	25.1	25.96	24.75	25.06	-0.24 	4.82 	3,351,156	84,583,152
2011-08-15 	25.02	26.38	24.91	25.98	3.67 	5.87 	3,273,868	84,817,127
2011-08-16 	26.16	26.2	25.46	26.15	0.65 	2.85 	2,198,662	56,868,363
2011-08-17 	26.08	27.67	25.65	27.23	4.13 	7.72 	4,459,345	119,338,617
2011-08-18 	26.6	27.91	26.41	27.2	-0.11 	5.51 	3,199,594	86,954,814
2011-08-19 	26.51	27.3	26.35	26.68	-1.91 	3.49 	2,092,821	56,098,241
2011-08-22 	26.68	27.3	26.3	26.5	-0.67 	3.75 	1,931,673	51,583,836
2011-08-23 	26.55	27.8	26.55	27.13	2.38 	4.72 	2,510,616	68,226,853
2011-08-24 	27.15	27.66	27.02	27.3	0.63 	2.36 	1,986,417	54,350,065
2011-08-25 	27.5	27.5	25.76	26.05	-4.58 	6.37 	4,492,306	117,882,447
2011-08-26 	26.06	26.33	25.81	26.07	0.08 	2.00 	1,656,236	43,267,377
2011-08-29 	25.91	26.31	25.8	26.06	-0.04 	1.96 	1,037,589	27,079,243
2011-08-30 	26.25	26.3	24.9	24.99	-4.11 	5.37 	1,838,887	47,002,907
2011-08-31 	24.86	25.25	24.72	24.86	-0.52 	2.12 	1,261,568	31,524,336
2011-09-01 	24.97	25.5	24.85	25.03	0.68 	2.61 	1,349,863	33,905,115
2011-09-02 	25	25	23.82	24.22	-3.24 	4.71 	1,405,799	34,039,048
2011-09-05 	23.9	24.13	23.48	23.7	-2.15 	2.68 	1,182,685	28,215,985
2011-09-06 	23.36	23.81	23.3	23.39	-1.31 	2.15 	887,064	20,817,812
2011-09-07 	23.68	24.19	23.52	24.19	3.42 	2.86 	1,825,317	43,636,664
2011-09-08 	24.25	24.45	23.35	23.37	-3.39 	4.55 	1,175,380	27,963,566
2011-09-09 	23.18	23.85	23.1	23.3	-0.30 	3.21 	945,071	22,155,046
2011-09-13 	23	23	22.6	22.76	-2.32 	1.72 	855,722	19,528,621
2011-09-14 	22.99	23.3	22.52	23.3	2.37 	3.43 	992,407	22,769,002
2011-09-15 	23.35	23.76	23.14	23.3	0.00 	2.66 	1,013,029	23,806,123
2011-09-16 	23.4	24.15	23.33	23.72	1.80 	3.52 	1,582,383	37,595,269
2011-09-19 	23.82	23.93	23.15	23.3	-1.77 	3.29 	902,948	21,197,007
2011-09-20 	23.1	23.85	23	23.57	1.16 	3.65 	652,746	15,344,063
2011-09-21 	23.52	24.33	23.24	24	1.82 	4.62 	1,146,124	27,469,806
2011-09-22 	23.78	24.09	22.61	22.62	-5.75 	6.17 	1,464,892	34,106,819
2011-09-23 	21.85	22.41	21.63	22	-2.74 	3.45 	901,397	19,794,269
2011-09-26 	21.98	22.45	21.78	21.85	-0.68 	3.05 	630,733	13,907,147
2011-09-27 	22.15	22.44	21.85	22.23	1.74 	2.70 	629,943	13,919,531
2011-09-28 	22.45	23.19	22.11	22.3	0.31 	4.86 	1,158,754	26,217,684
2011-09-29 	22.55	22.95	22.1	22.1	-0.90 	3.81 	1,024,226	23,090,113
2011-10-10 	22.75	23.5	22.45	23.15	4.75 	4.75 	2,400,537	54,891,636
2011-10-11 	23.59	23.89	21.85	22.34	-3.50 	8.81 	3,259,077	74,604,904
2011-10-12 	21.91	23.23	20.13	23.05	3.18 	13.88 	3,253,805	71,600,887
2011-10-13 	22.8	24.76	22.6	24.4	5.86 	9.37 	4,315,474	102,408,225
2011-10-14 	24.15	24.36	23.47	24.21	-0.78 	3.65 	2,523,272	60,390,216
2011-10-17 	24.35	24.99	23.86	24.36	0.62 	4.67 	3,450,150	84,286,452
2011-10-18 	24.13	26.23	24.02	25.26	3.69 	9.07 	6,483,577	163,855,490
2011-10-19 	25.22	26.1	24.51	24.51	-2.97 	6.29 	4,543,556	114,904,147
2011-10-20 	24.41	24.41	22.59	23.03	-6.04 	7.43 	3,578,583	83,381,111
2011-10-21 	22.77	23.26	22.26	22.26	-3.34 	4.34 	1,581,507	35,898,620
2011-10-24 	22.2	23.88	21.88	23.67	6.33 	8.98 	2,117,441	48,704,755
2011-10-25 	23.6	25.25	23.57	24.56	3.76 	7.10 	3,696,253	91,169,557
2011-10-26 	24.3	27.02	24.21	26.72	8.79 	11.44 	10,079,025	266,676,040
2011-10-27 	26.14	27.48	26.02	27.02	1.12 	5.46 	7,154,569	191,985,430
2011-10-28 	27.48	29.42	26.66	28.46	5.33 	10.21 	7,586,015	213,064,710
2011-10-31 	28.05	31.31	28.04	30.36	6.68 	11.49 	10,649,768	321,193,430
2011-11-01 	29.9	31.62	29.76	30.04	-1.05 	6.13 	7,201,520	219,655,300
2011-11-02 	29.06	31.7	29.06	31.7	5.53 	8.79 	6,781,588	206,547,320
2011-11-03 	31.7	31.9	30	30.1	-5.05 	5.99 	7,367,533	227,139,840
2011-11-04 	30.2	31.48	29.71	30.2	0.33 	5.88 	5,615,202	171,629,890
2011-11-07 	29.93	31.28	29.51	31.22	3.38 	5.86 	5,560,585	170,907,410
2011-11-08 	31.62	31.69	29.72	29.91	-4.20 	6.31 	6,153,050	188,049,030
2011-11-09 	29.95	32.9	29.5	32.9	10.00 	11.37 	8,722,331	274,012,630
2011-11-10 	32.35	32.95	31.36	31.36	-4.68 	4.83 	7,666,786	246,809,690
2011-11-11 	31.23	32	30.01	30.77	-1.88 	6.35 	4,633,914	143,899,420
2011-11-14 	30.5	31.13	29.99	30.8	0.10 	3.70 	4,778,089	146,143,930
2011-11-15 	30.81	31.2	29.8	30.95	0.49 	4.55 	5,030,860	153,172,800
2011-11-16 	31.3	31.49	29.6	29.92	-3.33 	6.11 	4,213,503	128,368,549
2011-11-17 	29.84	30.31	29.21	29.6	-1.07 	3.68 	3,183,123	95,041,305
2011-11-18 	29.01	30.08	27.9	28.18	-4.80 	7.36 	4,487,707	130,315,675
2011-11-21 	28.21	28.76	28.02	28.53	1.24 	2.63 	2,644,423	75,198,271
2011-11-22 	28.2	29.64	28	29.13	2.10 	5.75 	3,256,842	94,415,984
2011-11-23 	29.12	30.86	29.12	30.1	3.33 	5.97 	4,395,083	131,775,646
2011-11-24 	29.78	30.62	29.44	30.08	-0.07 	3.92 	3,297,742	99,293,749
2011-11-25 	30.01	32.08	29.8	31	3.06 	7.58 	5,265,604	164,229,770
2011-11-28 	30.99	32.5	30.32	30.74	-0.84 	7.03 	5,524,084	174,088,460
2011-11-29 	30.9	33.3	30.01	33.15	7.84 	10.70 	7,511,992	238,967,310
2011-11-30 	32.92	33.2	30.8	30.93	-6.70 	7.24 	5,611,162	179,258,730
2011-12-01 	32	34.02	31.81	33.12	7.08 	7.15 	10,080,244	334,803,700
2011-12-02 	32.5	32.8	30.98	31.68	-4.35 	5.50 	5,860,151	185,904,420
2011-12-05 	31.3	31.69	28.8	29	-8.46 	9.12 	3,659,141	111,361,639
2011-12-06 	28.5	30.58	28.31	29.99	3.41 	7.83 	3,919,913	114,932,306
2011-12-07 	29.77	32.56	29.52	31.95	6.54 	10.14 	4,358,258	136,065,580
2011-12-08 	31.53	35.08	31.47	32.59	2.00 	11.30 	9,939,719	333,652,800
2011-12-09 	32.01	33.7	31.4	31.6	-3.04 	7.06 	8,431,978	273,602,840
2011-12-12 	31.75	32.44	30.3	30.52	-3.42 	6.77 	6,342,386	199,539,850
2011-12-14 	30.91	31.53	28.8	29.25	-4.16 	8.94 	9,372,712	284,484,680
2011-12-15 	28.51	29.71	28	28.29	-3.28 	5.85 	8,040,941	230,583,410
2011-12-16 	28	30.43	27.72	30	6.04 	9.58 	7,080,300	206,052,450
2011-12-19 	29.8	31.87	29.42	31.24	4.13 	8.17 	8,727,734	266,924,240
2011-12-20 	31.1	32.25	30.51	30.62	-1.98 	5.57 	6,420,415	200,528,900
2011-12-21 	30.8	32.58	30.77	31.37	2.45 	5.91 	9,415,215	298,357,290
2011-12-22 	30.84	32.48	29.2	32.38	3.22 	10.46 	10,923,464	340,329,910
2011-12-23 	31.9	32.49	31.41	31.94	-1.36 	3.34 	6,541,008	209,423,240
2011-12-26 	32.02	32.37	29.7	29.7	-7.01 	8.36 	7,864,098	243,102,970
2011-12-27 	29.02	29.55	27.61	27.7	-6.73 	6.53 	7,321,969	209,021,290
2011-12-28 	27.67	29.1	27.5	29.09	5.02 	5.78 	5,481,643	154,832,140
2011-12-29 	28.98	29.4	27.8	28.1	-3.40 	5.50 	4,062,086	115,434,730
2011-12-30 	28.46	29.34	28.17	28.37	0.96 	4.16 	3,714,535	106,733,429
2012-01-04 	28.49	29.5	28.3	28.4	0.11 	4.23 	5,194,866	149,945,680
2012-01-05 	27.9	27.9	26.05	27.2	-4.23 	6.51 	5,790,841	156,453,990
2012-01-06 	26.65	28.37	26.65	28.18	3.60 	6.32 	3,815,564	104,895,632
2012-01-09 	28.29	29.18	27.63	29.01	2.95 	5.50 	4,031,610	115,314,128
2012-01-10 	29	30.44	28.5	29.9	3.07 	6.69 	7,330,871	216,456,310
2012-01-11 	29.87	31.42	29.65	30.31	1.37 	5.92 	6,729,446	206,204,680
2012-01-12 	31.38	32.27	30.24	30.3	-0.03 	6.70 	9,219,391	285,656,200
2012-01-13 	30	30.4	27.8	27.97	-7.69 	8.58 	6,148,014	177,811,260
2012-01-16 	27.1	27.89	25.88	26.1	-6.69 	7.19 	5,533,554	148,470,250
2012-01-17 	26.1	27.85	25.87	27.49	5.33 	7.59 	4,630,806	124,166,334
2012-01-18 	27.49	27.7	24.74	24.74	-10.00 	10.77 	6,713,805	173,843,320
2012-01-19 	23.88	24.55	22.33	23.6	-4.61 	8.97 	5,045,908	118,826,657
2012-01-20 	24	24.7	23.86	24.31	3.01 	3.56 	3,318,989	80,834,118
2012-01-30 	24.41	26.07	24.41	25.48	4.81 	6.83 	4,199,142	106,393,687
2012-01-31 	25.32	25.88	24.84	25.6	0.47 	4.08 	2,790,694	70,539,812
2012-02-01 	25.3	25.98	24.9	25.03	-2.23 	4.22 	3,233,260	82,170,776
2012-02-02 	25.2	26.2	25.2	25.99	3.84 	4.00 	4,463,954	115,421,508
2012-02-03 	26.18	26.45	25.62	26.38	1.50 	3.19 	5,081,083	132,473,808
2012-02-07 	26.95	27.99	26.77	26.79	1.55 	4.62 	6,787,557	185,408,990
2012-02-08 	26.52	27.65	26.2	27.47	2.54 	5.41 	4,287,466	116,234,689
2012-02-09 	27.18	28.4	27.18	27.72	0.91 	4.44 	5,442,049	152,190,290
2012-02-10 	27.5	27.95	27.31	27.6	-0.43 	2.31 	2,811,447	77,588,564
2012-02-13 	27.8	30.3	27.61	29.6	7.25 	9.75 	8,376,882	245,516,350
2012-02-14 	29.38	30.28	28.9	29.71	0.37 	4.66 	6,074,733	179,911,540
2012-02-15 	29.68	31.29	29.2	30.7	3.33 	7.03 	7,536,334	229,257,550
2012-02-16 	30.61	31.56	30.39	30.84	0.46 	3.81 	5,331,794	164,918,330
2012-02-17 	30.9	33.92	30.65	33.92	9.99 	10.60 	10,686,390	348,404,680
2012-02-20 	35.4	37.27	34.6	35.83	5.63 	7.87 	19,475,179	692,211,790
2012-02-21 	35.5	39.41	35.42	38.8	8.29 	11.14 	19,745,169	747,213,270
2012-02-22 	39.2	40.05	38.58	39.5	1.80 	3.79 	14,406,428	565,367,370
2012-02-23 	39.18	41.72	38.8	39.99	1.24 	7.39 	15,652,940	624,844,200
2012-02-24 	39.5	40.22	38.91	39.3	-1.73 	3.28 	10,857,687	428,306,140
2012-02-27 	39.43	41.3	39.35	39.72	1.07 	4.96 	15,042,886	604,820,120
2012-02-28 	39.6	41.68	39.36	41.49	4.46 	5.84 	11,079,301	447,765,300
2012-02-29 	41.7	42.05	37.77	38.15	-8.05 	10.32 	16,440,667	643,770,160
2012-03-01 	38.05	39.09	37.67	38.6	1.18 	3.72 	7,431,764	285,715,720
2012-03-05 	39	42.46	38.8	42.46	10.00 	9.48 	13,710,984	565,986,820
2012-03-06 	42.8	44.48	42.52	43.61	2.71 	4.62 	12,171,903	528,258,480
2012-03-07 	43.36	43.75	41.57	41.88	-3.97 	5.00 	8,747,755	370,808,480
2012-03-08 	41.88	42.62	41.15	42.21	0.79 	3.51 	6,848,769	287,218,570
2012-03-09 	43.31	43.55	41.06	42.25	0.09 	5.90 	7,211,428	303,646,620
2012-03-12 	42.1	46.48	41.58	45.88	8.59 	11.60 	11,538,348	509,488,930
2012-03-13 	45.5	46.26	43.91	44.26	-3.53 	5.12 	9,516,274	428,699,230
2012-03-14 	44.38	45.25	40.5	41.3	-6.69 	10.73 	10,987,860	471,025,270
2012-03-15 	41.8	43.77	40.92	41.53	0.56 	6.90 	9,492,828	400,811,690
2012-03-16 	41.2	41.55	39.45	41.52	-0.02 	5.06 	8,493,586	344,526,990
2012-03-19 	41.2	41.37	39.7	40.75	-1.85 	4.02 	6,195,697	251,454,360
2012-03-20 	40.77	42.95	40.56	41.1	0.86 	5.87 	8,585,976	358,857,400
2012-03-21 	41.21	41.35	37.86	38.9	-5.35 	8.49 	9,786,295	382,713,460
2012-03-22 	38.5	39.7	38.25	39	0.26 	3.73 	5,000,504	194,740,420
2012-03-23 	39.05	39.67	37.25	37.6	-3.59 	6.21 	5,598,738	216,465,310
2012-03-26 	36.96	38.68	36.61	37.7	0.27 	5.51 	5,150,750	193,988,590
2012-03-27 	38.01	39.17	37.52	38.23	1.41 	4.38 	5,435,689	209,514,460
2012-03-28 	37.89	39.28	37.43	37.87	-0.94 	4.84 	7,302,286	280,587,570
2012-03-29 	36.47	36.95	35	35.75	-5.60 	5.15 	6,209,526	224,100,030
2012-03-30 	35.7	36.23	34.88	35.8	0.14 	3.78 	3,797,294	135,284,520
2012-04-05 	35.94	39.38	35.89	39.25	9.64 	9.75 	8,800,992	335,870,970
2012-04-06 	38.8	39.5	38.68	39.38	0.33 	2.09 	5,615,404	219,755,620
2012-04-09 	38.88	39.86	38.21	38.33	-2.67 	4.19 	4,801,800	187,617,530
2012-04-10 	38.02	39.35	36.61	39.25	2.40 	7.15 	6,341,909	241,540,810
2012-04-11 	38.55	39.58	38.15	38.8	-1.15 	3.64 	5,009,590	194,527,340
2012-04-12 	39.04	39.38	38.25	39.18	0.98 	2.91 	5,246,154	204,092,740
2012-04-16 	39.2	41.9	39.18	39.71	1.35 	6.94 	9,147,391	371,795,670
2012-04-17 	39.3	39.3	37.9	38.39	-3.32 	3.53 	6,496,704	249,251,600
2012-04-18 	38.45	39.18	37.5	39.15	1.98 	4.38 	5,646,534	217,195,780
2012-04-19 	38.69	39.09	37.98	38.55	-1.53 	2.84 	3,734,942	143,700,640
2012-04-20 	38.48	39.48	38.21	38.8	0.65 	3.29 	5,198,407	202,811,590
2012-04-24 	34.92	36.45	34.92	34.92	-10.00 	3.94 	10,316,520	363,093,350
2012-04-25 	34.89	34.89	32.42	33.38	-4.41 	7.07 	8,387,506	279,134,310
2012-04-26 	33.28	33.88	32.86	32.86	-1.56 	3.06 	3,899,823	129,646,284
2012-04-27 	32.71	34.18	32.71	33.8	2.86 	4.47 	5,369,862	181,173,360
2012-05-02 	34.07	34.34	32.68	33.9	0.30 	4.91 	5,133,920	173,060,770
2012-05-03 	33.87	35.58	33.32	35.08	3.48 	6.67 	5,719,580	198,288,980
2012-05-04 	34.81	36.38	34.77	35.59	1.45 	4.59 	5,057,266	180,628,280
2012-05-07 	35.5	37.12	35.33	37.1	4.24 	5.03 	5,917,776	214,791,930
2012-05-08 	37	38.99	36.5	36.55	-1.48 	6.71 	8,505,394	321,435,750
2012-05-09 	36.02	36.18	35	35.13	-3.89 	3.23 	4,812,321	170,940,970
2012-05-10 	35.55	37.78	35.5	37.32	6.23 	6.49 	6,407,257	235,685,530
2012-05-11 	37.42	39.5	36.8	38.18	2.30 	7.23 	7,809,760	298,524,090
2012-05-14 	38.4	39.62	37.98	38.25	0.18 	4.30 	7,037,292	273,515,940
2012-05-15 	37.77	38.37	37.28	38.14	-0.29 	2.85 	3,415,039	129,266,616
2012-05-16 	38	39.63	37.91	38.7	1.47 	4.51 	5,719,455	223,439,550
2012-05-17 	38.65	38.94	37.5	38.69	-0.03 	3.72 	4,302,935	164,758,880
2012-05-18 	38.3	39.15	36.75	36.75	-5.01 	6.20 	5,037,752	189,625,300
2012-05-21 	36.61	36.97	35.22	35.71	-2.83 	4.76 	4,162,731	149,495,470
2012-05-22 	35.95	36.56	35.76	36.5	2.21 	2.24 	2,799,118	101,266,279
2012-05-23 	36.98	37.99	36.57	37.26	2.08 	3.89 	5,031,672	187,505,230
2012-05-24 	37.3	37.85	36.81	37.34	0.21 	2.79 	3,589,549	134,094,954
2012-05-25 	37.1	37.65	36.09	36.6	-1.98 	4.18 	3,105,464	113,530,165
2012-05-28 	36.31	36.38	35.18	36.13	-1.28 	3.28 	2,740,335	97,785,387
2012-05-29 	36.12	37.93	35.9	37.73	4.43 	5.62 	4,613,046	171,654,630
2012-05-30 	37.96	39.39	37.38	38.95	3.23 	5.33 	5,322,657	204,502,980
2012-05-31 	38.8	41.89	38.52	40.91	5.03 	8.65 	6,830,371	275,073,000
2012-06-01 	40.7	43	40.52	41	0.22 	6.06 	5,742,946	239,577,230
2012-06-04 	40.41	44.54	40.11	42.99	4.85 	10.80 	8,057,048	347,578,960
2012-06-05 	43.32	44.8	42.21	44.01	2.37 	6.02 	5,932,353	259,444,920
2012-06-06 	44.18	44.9	42.88	43.25	-1.73 	4.59 	4,663,193	203,343,190
2012-06-07 	44	44.5	41.3	41.9	-3.12 	7.40 	7,779,655	332,361,200
2012-06-08 	42.1	46.09	41.6	46.09	10.00 	10.72 	12,831,125	575,068,160
2012-06-11 	46.32	46.8	44.7	46.68	1.28 	4.56 	8,858,997	407,117,530
2012-06-12 	46.05	48.88	45.65	47	0.69 	6.92 	8,879,033	420,057,950
2012-06-13 	24.02	25.42	24	24.57	-47.72 	3.02 	12,406,439	305,939,150
2012-06-14 	24.62	26.58	24.61	24.68	0.45 	8.02 	17,627,586	447,215,740
2012-06-15 	24.2	24.99	22.81	23.2	-6.00 	8.83 	15,978,720	380,689,410
2012-06-18 	23.11	25.18	23	25.03	7.89 	9.40 	17,521,397	424,224,780
2012-06-19 	24.89	26.09	24.6	25.06	0.12 	5.95 	16,588,933	418,792,780
2012-06-20 	24.85	26.56	24.65	25.58	2.08 	7.62 	20,091,842	517,523,300
2012-06-21 	25.3	26.05	24.84	25.2	-1.49 	4.73 	12,252,202	310,868,170
2012-06-25 	24.83	25.16	23.93	24.9	-1.19 	4.88 	9,681,593	238,485,790
2012-06-26 	24.64	24.95	23	23.92	-3.94 	7.83 	10,211,570	243,248,560
2012-06-27 	23.85	24.6	23.3	23.33	-2.47 	5.43 	8,011,136	191,723,950
2012-06-28 	23.49	23.5	22.2	22.24	-4.67 	5.57 	10,610,127	240,367,360
2012-06-29 	22.1	23.87	22	23.7	6.56 	8.41 	11,988,275	276,561,050
2012-07-02 	23.81	24.33	23.54	24.09	1.65 	3.33 	7,271,376	174,261,070
2012-07-03 	24.11	24.53	23.51	24.47	1.58 	4.23 	9,462,894	227,950,570
2012-07-04 	24.5	25.6	24.35	24.85	1.55 	5.11 	10,115,317	253,118,170
2012-07-05 	24.71	25.13	24.26	24.51	-1.37 	3.50 	6,670,176	164,269,230
2012-07-06 	24.7	25.31	24	25.02	2.08 	5.34 	9,290,108	229,575,740
2012-07-09 	25.02	25.3	24.19	24.19	-3.32 	4.44 	7,354,350	182,663,010
2012-07-10 	23.76	24.07	23.21	23.47	-2.98 	3.56 	6,951,117	164,855,300
2012-07-11 	23.41	23.95	23.26	23.75	1.19 	2.94 	4,426,149	104,487,218
2012-07-12 	23.6	26	23.21	25.58	7.71 	11.75 	13,215,889	327,441,260
2012-07-13 	25.5	25.88	24.91	25.23	-1.37 	3.79 	9,326,800	236,555,920
2012-07-16 	24.88	25.17	23.79	23.9	-5.27 	5.47 	11,036,748	267,942,890
2012-07-17 	24	25.48	23.99	25.39	6.23 	6.23 	10,416,328	257,734,620
2012-07-18 	25.18	25.6	24.3	25.1	-1.14 	5.12 	8,800,946	218,953,040
2012-07-19 	24.78	25.99	24.78	25.15	0.20 	4.82 	10,518,701	267,487,030
2012-07-20 	25.03	25.59	24.4	24.5	-2.58 	4.73 	8,072,834	200,882,570
2012-07-23 	24.15	24.73	23.62	24.41	-0.37 	4.53 	5,800,297	140,308,210
2012-07-24 	24.06	24.49	23.69	24.08	-1.35 	3.28 	5,335,845	128,603,258
2012-07-25 	24.15	25.48	24.1	24.77	2.87 	5.73 	12,112,338	302,474,550
2012-07-26 	24.45	25.76	24.45	25.16	1.57 	5.29 	11,016,209	277,050,060
2012-07-27 	25.41	27.3	25.08	26.82	6.60 	8.82 	19,790,696	521,094,060
2012-07-30 	26.82	26.98	24.14	24.4	-9.02 	10.59 	17,276,962	439,672,560
2012-07-31 	24	24.19	22.96	22.98	-5.82 	5.04 	12,646,942	296,255,270
2012-08-01 	22.99	23.94	22.97	23.43	1.96 	4.22 	7,447,038	175,060,020
2012-08-02 	23.3	23.9	23.14	23.47	0.17 	3.24 	6,648,133	156,293,360
2012-08-03 	23.65	24.62	23.34	24.6	4.81 	5.45 	9,736,152	234,731,990
2012-08-06 	24.4	25.48	24.1	25.08	1.95 	5.61 	9,270,407	230,065,230
2012-08-07 	25.11	25.75	24.73	25.35	1.08 	4.07 	10,387,851	262,783,760
2012-08-08 	25.07	25.3	24.71	24.9	-1.78 	2.33 	6,477,578	161,810,600
2012-08-09 	24.9	25.34	24.5	25.1	0.80 	3.37 	6,936,334	173,220,780
2012-08-10 	25.22	25.38	24.5	24.64	-1.83 	3.51 	6,017,090	149,670,620
2012-08-13 	24.58	24.58	23.9	23.94	-2.84 	2.76 	5,507,513	132,698,326
2012-08-14 	23.89	24.66	23.89	24.66	3.01 	3.22 	6,160,953	150,181,400
2012-08-15 	24.59	24.61	23.91	23.97	-2.80 	2.84 	4,158,140	100,595,831
2012-08-16 	23.96	24.23	23.03	23.29	-2.84 	5.01 	4,637,880	109,518,248
2012-08-17 	23.44	23.9	23.28	23.57	1.20 	2.66 	3,127,721	73,455,732
2012-08-20 	23.57	23.95	23.26	23.79	0.93 	2.93 	4,295,051	101,673,661
2012-08-21 	23.79	24.79	23.65	24.76	4.08 	4.79 	8,574,705	209,605,570
2012-08-22 	24.82	25.21	24.4	24.54	-0.89 	3.27 	7,772,104	192,533,920
2012-08-23 	24.78	25.18	24.58	24.8	1.06 	2.44 	6,607,920	164,380,890
2012-08-24 	24.72	24.72	23.05	23.08	-6.94 	6.73 	8,997,518	213,403,030
2012-08-27 	23.24	23.69	23.1	23.15	0.30 	2.56 	3,738,028	87,229,120
2012-08-28 	23.27	23.74	22.66	23.4	1.08 	4.67 	4,743,689	110,190,311
2012-08-29 	23.32	23.65	23.1	23.12	-1.20 	2.35 	3,878,074	90,587,045
2012-08-30 	22.98	23.37	20.81	21	-9.17 	11.07 	8,020,877	174,012,420
2012-08-31 	21.01	21.38	20.52	21.07	0.33 	4.10 	4,298,962	89,843,900
2012-09-03 	21.09	22.21	20.83	22	4.41 	6.55 	5,785,015	125,639,136
2012-09-04 	22.05	22.66	21.68	21.76	-1.09 	4.45 	4,765,589	105,715,719
2012-09-05 	21.58	22.54	21.32	22.24	2.21 	5.61 	4,402,690	97,429,083
2012-09-06 	22.49	22.77	22.22	22.44	0.90 	2.47 	3,201,099	71,731,513
2012-09-07 	22.56	23.66	22.56	23.32	3.92 	4.90 	7,586,192	175,368,190
2012-09-10 	23.33	23.59	23.1	23.22	-0.43 	2.10 	4,622,609	107,703,785
2012-09-11 	23.4	23.58	23.19	23.5	1.21 	1.68 	7,055,203	165,190,040
2012-09-12 	23.59	23.69	22.65	23.21	-1.23 	4.43 	6,014,061	139,173,470
2012-09-13 	23.2	23.2	22.67	22.68	-2.28 	2.28 	3,549,301	81,123,090
2012-09-14 	22.72	22.99	21.91	22.68	0.00 	4.76 	4,160,264	92,987,988
2012-09-20 	23.5	23.89	22.63	22.8	0.53 	5.56 	13,591,802	317,444,230
2012-09-21 	22.5	22.5	20.62	21.16	-7.19 	8.25 	7,031,198	150,473,990
2012-09-24 	20.7	21.36	20.4	20.75	-1.94 	4.54 	4,105,482	85,719,408
2012-09-25 	20.63	21.13	19.52	19.83	-4.43 	7.76 	5,148,459	104,044,301
2012-09-26 	19.71	19.91	18.8	18.92	-4.59 	5.60 	4,700,322	89,812,719
2012-09-27 	18.92	19.94	18.92	19.45	2.80 	5.39 	5,227,732	101,833,162
2012-09-28 	19.49	19.66	19.23	19.48	0.15 	2.21 	4,683,357	91,180,597
2012-10-08 	19.53	20.29	19.5	19.84	1.85 	4.06 	3,724,654	74,313,714
2012-10-09 	19.91	20.96	19.91	20.94	5.54 	5.29 	5,101,021	104,269,468
2012-10-10 	20.81	21.3	20.74	21.14	0.96 	2.67 	4,255,565	89,661,004
2012-10-11 	20.94	21	20.46	20.52	-2.93 	2.55 	3,588,580	74,246,308
2012-10-12 	20.7	21.29	20.17	20.68	0.78 	5.46 	3,540,455	73,687,948
2012-10-15 	20.8	20.9	20.14	20.66	-0.10 	3.68 	2,493,338	50,963,895
2012-10-16 	20.55	20.77	20.28	20.34	-1.55 	2.37 	2,962,056	60,865,939
2012-10-17 	20.3	20.65	20.12	20.48	0.69 	2.61 	2,834,389	57,969,284
2012-10-18 	20.44	20.75	20.32	20.75	1.32 	2.10 	4,824,590	99,356,777
2012-10-19 	20.7	20.88	20.4	20.42	-1.59 	2.31 	2,996,166	61,701,238
2012-10-22 	20.43	20.81	20.42	20.71	1.42 	1.91 	4,422,304	91,444,147
2012-10-23 	20.87	20.97	20.51	20.57	-0.68 	2.22 	3,359,948	69,540,052
2012-10-24 	20.71	20.73	20.21	20.31	-1.26 	2.53 	2,388,242	48,913,714
2012-10-25 	20.2	20.3	19.27	19.27	-5.12 	5.07 	4,610,789	90,898,345
2012-10-26 	19.23	19.47	19.02	19.08	-0.99 	2.34 	2,404,033	46,163,225
2012-10-29 	19.06	19.74	19.06	19.38	1.57 	3.56 	2,506,445	48,703,542
2012-10-30 	19.38	19.8	19.19	19.39	0.05 	3.15 	2,816,114	54,637,944
2012-10-31 	19.57	19.65	19.28	19.51	0.62 	1.91 	2,380,800	46,361,701
2012-11-01 	19.65	19.87	19.38	19.76	1.28 	2.51 	3,883,906	76,286,323
2012-11-02 	19.72	19.8	19.21	19.42	-1.72 	2.99 	3,454,615	67,168,434
2012-11-05 	19.31	19.47	19.08	19.1	-1.65 	2.01 	2,475,534	47,487,784
2012-11-06 	19.03	19.16	18.18	18.58	-2.72 	5.13 	3,868,107	71,650,571
2012-11-07 	18.59	18.93	18.53	18.88	1.61 	2.15 	2,413,215	45,246,631
2012-11-08 	18.63	19.44	18.2	19	0.64 	6.57 	4,863,912	92,418,726
2012-11-09 	19.04	19.15	18.43	18.47	-2.79 	3.79 	2,237,736	41,933,193
2012-11-12 	18.41	18.52	17.78	18.04	-2.33 	4.01 	3,418,338	61,709,611
2012-11-13 	18.18	19.84	18.18	18.93	4.93 	9.20 	9,495,027	182,151,610
2012-11-14 	18.95	18.97	17.91	18.31	-3.28 	5.60 	4,800,172	87,993,960
2012-11-15 	18.06	18.29	17.78	17.94	-2.02 	2.79 	2,870,395	51,859,205
2012-11-16 	17.95	18.47	17.5	18.1	0.89 	5.41 	3,373,674	60,564,105
2012-11-19 	18.1	18.17	17.6	18	-0.55 	3.15 	2,056,541	36,685,479
2012-11-20 	18	18.14	17.8	17.83	-0.94 	1.89 	1,550,443	27,863,837
2012-11-21 	17.71	17.98	17.08	17.56	-1.51 	5.05 	3,803,053	66,184,073
2012-11-22 	17.45	17.45	16.6	16.75	-4.61 	4.84 	3,943,289	67,002,781
2012-11-23 	16.76	16.86	16.4	16.49	-1.55 	2.75 	3,141,252	52,007,551
2012-11-26 	16.43	16.77	16.12	16.47	-0.12 	3.94 	3,090,095	51,080,214
2012-11-27 	16.25	16.44	15.38	15.4	-6.50 	6.44 	4,193,487	66,072,875
2012-11-28 	15.38	15.38	14.55	14.6	-5.19 	5.39 	4,444,807	65,950,532
2012-11-29 	14.6	14.89	14.1	14.2	-2.74 	5.41 	3,214,715	46,716,210
2012-11-30 	14.2	14.48	14.14	14.45	1.76 	2.39 	2,898,152	41,609,034
2012-12-03 	14.43	14.48	13.91	13.91	-3.74 	3.94 	2,522,204	35,923,541
2012-12-04 	14.09	15.12	14.06	14.78	6.25 	7.62 	5,545,586	81,342,632
2012-12-05 	14.59	15.76	14.59	15.35	3.86 	7.92 	7,097,634	108,773,465
2012-12-06 	15.3	15.59	15.15	15.26	-0.59 	2.87 	3,583,512	54,916,644
2012-12-07 	15.21	15.89	15.08	15.8	3.54 	5.31 	4,729,182	73,642,080
2012-12-10 	15.77	16.15	15.5	16.05	1.58 	4.11 	5,032,612	79,618,319
2012-12-11 	15.9	16.16	15.69	15.82	-1.43 	2.93 	3,471,054	55,182,014
2012-12-12 	15.75	16.02	15.62	15.78	-0.25 	2.53 	2,611,272	41,284,863
2012-12-13 	15.7	16.09	15.59	15.66	-0.76 	3.17 	2,708,704	42,757,719
2012-12-14 	15.59	16.36	15.55	16.31	4.15 	5.17 	5,233,857	84,190,490
2012-12-17 	16.35	16.58	16.06	16.32	0.06 	3.19 	3,827,457	62,398,347
2012-12-18 	16.33	16.9	16.29	16.57	1.53 	3.74 	5,544,899	92,172,689
2012-12-19 	16.67	17.38	16.67	17	2.60 	4.28 	5,214,669	89,082,699
2012-12-20 	17.05	17.08	16.65	16.9	-0.59 	2.53 	3,951,831	66,468,501
2012-12-21 	16.79	17.69	16.79	17.5	3.55 	5.33 	5,691,141	98,671,694
2012-12-24 	17.6	17.67	17.31	17.4	-0.57 	2.06 	3,047,203	53,215,132
2012-12-25 	17.4	17.84	17.33	17.56	0.92 	2.93 	3,866,607	68,111,151
2012-12-26 	17.56	18.88	17.54	18.63	6.09 	7.63 	7,282,328	134,345,610
2012-12-27 	18.66	19.19	18.4	18.51	-0.64 	4.24 	5,291,192	99,391,107
2012-12-28 	18.53	18.95	18.38	18.79	1.51 	3.08 	3,399,431	63,311,242
2012-12-31 	18.88	19.13	18.51	18.79	0.00 	3.30 	3,831,018	71,822,366
2013-01-04 	18.92	19	17.9	18.15	-3.41 	5.85 	4,780,079	87,500,111
2013-01-07 	18	18.52	17.62	18.48	1.82 	4.96 	4,524,024	82,092,566
2013-01-08 	18.46	18.76	18	18.52	0.22 	4.11 	4,302,634	79,075,355
2013-01-09 	18.52	18.95	18.38	18.69	0.92 	3.08 	4,233,062	79,155,247
2013-01-10 	18.56	19.72	18.56	19.72	5.51 	6.21 	8,399,923	162,739,900
2013-01-11 	19.71	20.19	19.08	19.23	-2.48 	5.63 	6,784,480	132,653,961
2013-01-14 	19.12	20.17	19.07	19.97	3.85 	5.72 	5,277,986	104,607,707
2013-01-15 	20.13	20.8	19.98	20.17	1.00 	4.11 	4,737,556	96,003,252
2013-01-16 	20.3	21.6	20.25	20.94	3.82 	6.69 	7,563,031	158,486,160
2013-01-17 	20.73	21.15	20.4	20.52	-2.01 	3.58 	4,025,129	83,304,598
2013-01-18 	20.5	20.85	20.2	20.68	0.78 	3.17 	3,704,446	75,928,353
2013-01-21 	20.77	22.22	20.42	21.77	5.27 	8.70 	7,650,570	163,427,370
2013-01-22 	21.94	22.16	21.3	21.6	-0.78 	3.95 	7,052,814	153,286,700
2013-01-23 	21.35	21.87	20.8	21.31	-1.34 	4.95 	4,691,640	99,937,761
2013-01-24 	21.09	21.83	19.95	20.8	-2.39 	8.82 	7,876,878	164,288,420
2013-01-25 	20.66	20.86	20.21	20.48	-1.54 	3.13 	3,726,310	76,650,428
2013-01-28 	20.84	21.39	20.7	21.08	2.93 	3.37 	4,917,265	103,464,810
2013-01-29 	21.29	21.78	21	21.74	3.13 	3.70 	4,985,965	107,244,176
2013-01-30 	21.8	21.92	21.3	21.45	-1.33 	2.85 	4,569,962	99,043,542
2013-01-31 	21.58	21.87	20.55	20.68	-3.59 	6.15 	5,124,147	107,770,397
2013-02-01 	20.6	20.97	20.34	20.81	0.63 	3.05 	2,923,469	60,642,200
2013-02-04 	21	21.24	19.85	20.23	-2.79 	6.68 	4,291,303	87,593,926
2013-02-05 	19.91	20.56	19.9	20.23	0.00 	3.26 	2,658,038	54,012,933
2013-02-06 	20.32	20.65	20.27	20.54	1.53 	1.88 	2,852,028	58,438,741
2013-02-07 	20.54	21.33	20.43	21.26	3.51 	4.38 	4,363,535	91,441,302
2013-02-08 	21.1	21.7	20.89	21.48	1.03 	3.81 	4,846,673	103,428,842
2013-02-18 	21.7	22.58	21.25	22.45	4.52 	6.19 	7,767,671	171,268,350
2013-02-19 	22.4	22.58	21.88	22.21	-1.07 	3.12 	4,653,900	103,187,168
2013-02-20 	22.17	23.3	22.17	23.04	3.74 	5.09 	5,885,698	134,917,470
2013-02-21 	22.9	23.5	22.11	22.2	-3.65 	6.03 	7,200,754	163,935,370
2013-02-22 	22.25	22.95	22.2	22.42	0.99 	3.38 	3,772,575	85,061,731
2013-02-25 	22.35	23.45	22.35	23.37	4.24 	4.91 	4,956,012	113,640,328
2013-02-26 	23.35	24.36	23.11	23.48	0.47 	5.35 	6,935,909	165,771,300
2013-02-27 	23.62	24.09	23	23.77	1.24 	4.64 	3,882,795	91,440,761
2013-02-28 	24.2	24.97	23.88	24.1	1.39 	4.59 	5,610,573	136,801,440
2013-03-01 	23.9	25.35	23.8	25.13	4.27 	6.43 	6,692,009	165,952,440
2013-03-04 	25.17	25.48	24.5	25.4	1.07 	3.90 	6,926,907	173,609,170
2013-03-05 	25.49	26.58	24.5	26.46	4.17 	8.19 	6,349,155	162,731,360
2013-03-06 	26.65	29.08	26.2	28.46	7.56 	10.88 	9,149,912	254,705,840
2013-03-07 	28.58	29.1	26.6	27.66	-2.81 	8.78 	8,647,424	241,698,140
2013-03-08 	27.8	28.18	25.85	26.2	-5.28 	8.42 	9,038,783	239,907,160
2013-03-11 	25.88	26.79	25.51	26.3	0.38 	4.89 	3,998,394	104,738,848
2013-03-12 	26.18	26.77	24.8	25.24	-4.03 	7.49 	5,735,090	147,278,980
2013-03-13 	25.14	25.5	24.6	25.15	-0.36 	3.57 	3,641,021	90,974,823
2013-03-14 	25.02	25.6	25	25.32	0.68 	2.39 	3,581,032	91,165,266
2013-03-15 	25.35	27.6	25.21	26.92	6.32 	9.44 	7,011,285	187,491,500
2013-03-18 	27.1	28.2	26.83	28	4.01 	5.09 	8,771,557	243,437,180
2013-03-19 	28.2	28.41	26.83	27.07	-3.32 	5.64 	5,520,080	151,292,770
2013-03-20 	27.07	28.19	26.88	27.94	3.21 	4.84 	4,968,854	136,699,770
2013-03-21 	27.95	29	27.71	28.82	3.15 	4.62 	6,499,775	185,975,830
2013-03-22 	28.6	29.39	28.1	28.1	-2.50 	4.48 	4,833,015	137,635,150
2013-03-25 	28.08	28.49	27.12	28.39	1.03 	4.88 	4,933,486	136,660,640
2013-03-26 	28.1	28.46	27.5	28.03	-1.27 	3.38 	4,437,170	123,758,649
2013-03-27 	28	28.29	27.3	27.65	-1.36 	3.53 	3,529,613	98,254,859
2013-03-28 	27.2	27.3	24.89	26	-5.97 	8.72 	5,422,487	142,870,370
2013-03-29 	26.05	26.93	26.01	26.34	1.31 	3.54 	3,960,855	104,973,196
2013-04-01 	26.35	27.56	26.2	27.39	3.99 	5.16 	3,307,446	89,935,928
2013-04-02 	27.8	28.18	25.88	26.37	-3.72 	8.40 	6,766,344	181,779,550
2013-04-03 	26.15	26.2	24.78	25.03	-5.08 	5.38 	6,809,374	171,530,230
2013-04-08 	24.9	26.85	24.43	26.76	6.91 	9.67 	5,815,844	150,250,210
2013-04-09 	26.8	28.13	26.33	27.6	3.14 	6.73 	6,097,691	168,066,610
2013-04-10 	27.49	27.8	26.6	27.48	-0.43 	4.35 	3,332,716	90,750,827
2013-04-11 	27.7	28.75	27.29	27.6	0.44 	5.31 	5,247,194	147,401,930
2013-04-12 	27.61	27.94	26.92	27.05	-1.99 	3.70 	3,480,318	95,216,790
2013-04-15 	27.29	27.29	26.2	27.17	0.44 	4.03 	2,320,059	62,341,869
2013-04-16 	26.55	27.77	26.55	27.76	2.17 	4.49 	3,172,952	86,762,756
2013-04-17 	27.7	29.2	27.55	28.88	4.03 	5.94 	7,726,340	220,954,880
2013-04-18 	28.68	30.47	28.5	29.99	3.84 	6.82 	9,734,685	288,432,750
2013-04-19 	30	32.17	29.6	31.57	5.27 	8.57 	9,442,143	291,845,210
2013-04-22 	31.25	34.56	31.01	34.51	9.31 	11.24 	12,506,638	415,776,720
2013-04-23 	34.5	34.85	33.06	33.9	-1.77 	5.19 	9,884,008	335,666,310
2013-04-24 	34.2	36.89	34	36.89	8.82 	8.53 	11,599,739	413,801,550
2013-04-25 	37.1	38.2	33.2	33.36	-9.57 	13.55 	15,870,388	567,412,010
2013-04-26 	33.61	35.68	32.41	35.37	6.03 	9.80 	15,206,854	517,853,670
2013-05-02 	35.4	38	35.03	37.45	5.88 	8.40 	11,309,151	413,365,230
2013-05-03 	37.6	39.14	36.6	38.42	2.59 	6.78 	9,974,479	377,946,690
2013-05-06 	38.4	39.45	37.22	38.65	0.60 	5.80 	9,751,698	374,322,610
2013-05-07 	38.25	38.45	36.72	37.37	-3.31 	4.48 	7,406,656	278,390,000
2013-05-08 	39.97	41.11	38.1	41.11	10.01 	8.05 	21,127,712	863,927,300
2013-05-09 	42.92	45.22	42.8	45.22	10.00 	5.89 	25,025,107	1,112,229,740
2013-05-10 	44	44.55	41.5	43.79	-3.16 	6.74 	20,030,092	867,713,830
2013-05-13 	43	45.55	42.8	44	0.48 	6.28 	11,356,120	501,333,240
2013-05-14 	43.6	43.6	39.6	39.6	-10.00 	9.09 	19,060,479	781,393,120
2013-05-15 	39	42.66	38.85	42.3	6.82 	9.62 	14,741,971	602,315,490
2013-05-16 	41.53	43.64	40.3	42.82	1.23 	7.90 	15,271,327	637,367,760
2013-05-17 	42.1	44.11	41.56	42.68	-0.33 	5.96 	8,893,662	383,270,210
2013-05-20 	42.58	46.95	42.43	46.2	8.25 	10.59 	15,046,543	685,571,450
2013-05-21 	45.8	48.27	44.58	47.7	3.25 	7.99 	11,413,710	527,102,510
2013-05-22 	45.6	46.75	44	45.07	-5.51 	5.77 	11,387,816	516,405,310
2013-05-23 	44.9	46.68	43.6	44.35	-1.60 	6.83 	7,971,809	360,615,610
2013-05-24 	44.66	46.37	44.4	45.7	3.04 	4.44 	6,948,591	316,223,230
2013-05-27 	46.4	47.69	45.7	46.36	1.44 	4.35 	5,576,423	258,625,580
2013-05-29 	43.8	45.3	42.51	44.18	-4.70 	6.02 	11,543,225	507,101,080
2013-05-30 	43.85	46.5	42.58	42.58	-3.62 	8.87 	12,136,447	539,239,180
2013-05-31 	41.7	42.4	40.41	41.18	-3.29 	4.67 	10,434,820	429,773,610
2013-06-03 	41.6	42.5	40.7	41.95	1.87 	4.37 	6,488,779	271,036,670
2013-06-04 	41.86	41.86	37.76	39.25	-6.44 	9.77 	11,345,529	443,919,890
2013-06-05 	20.99	21.68	20.62	20.98	-46.55 	2.70 	13,315,182	281,463,650
2013-06-06 	20.74	23.07	20.74	22.47	7.10 	11.11 	28,992,798	646,652,750
2013-06-07 	22.48	24.1	22.13	23.96	6.63 	8.77 	26,852,819	631,031,590
2013-06-13 	23.8	26.36	22.75	26.36	10.02 	15.07 	35,080,999	878,638,920
2013-06-14 	25.5	29	25.5	28.31	7.40 	13.28 	37,271,346	1,038,809,700
2013-06-17 	28.6	29.86	26.98	27.5	-2.86 	10.17 	47,099,463	1,334,025,010
2013-06-18 	27.2	28.9	26.64	28.32	2.98 	8.22 	28,326,854	787,082,180
2013-06-19 	27.8	29.45	27.16	27.4	-3.25 	8.09 	29,150,798	820,406,160
2013-06-20 	26.55	28.37	26.2	26.72	-2.48 	7.92 	21,877,240	596,656,880
2013-06-21 	26	26.55	24.58	26	-2.69 	7.37 	24,120,824	616,014,150
2013-06-24 	26.01	26.18	23.4	23.4	-10.00 	10.69 	22,422,170	548,151,250
2013-06-25 	22.2	25.2	21.06	24.75	5.77 	17.69 	43,698,156	993,664,060
2013-06-26 	24.01	27.23	23.91	27.23	10.02 	13.41 	41,695,268	1,075,124,800
2013-06-27 	27.63	28.3	25.5	26.5	-2.68 	10.28 	38,656,172	1,047,137,880
2013-06-28 	25.95	27.19	25.36	25.95	-2.08 	6.91 	24,095,372	633,271,710
2013-07-01 	25.95	27.57	25.38	27.35	5.39 	8.44 	28,073,874	745,637,790
2013-07-02 	27.36	29.8	27.1	29.03	6.14 	9.87 	36,300,327	1,042,644,440
2013-07-03 	29.12	31.93	28.27	31.93	9.99 	12.61 	50,656,453	1,554,612,400
2013-07-04 	32.4	33.14	31.07	31.58	-1.10 	6.48 	37,601,744	1,207,328,990
2013-07-05 	31.5	32.79	29	29	-8.17 	12.00 	31,901,515	988,233,090
2013-07-08 	28	30.79	27.14	30.34	4.62 	12.59 	33,756,262	989,463,850
2013-07-09 	30.18	31.35	29.4	31.08	2.44 	6.43 	27,999,264	854,129,300
2013-07-10 	30.7	31.76	29.95	30.15	-2.99 	5.82 	28,540,435	878,462,230
2013-07-11 	30.3	31.4	29	30.96	2.69 	7.96 	27,810,593	837,610,700
2013-07-12 	30.69	32.87	30.5	31.2	0.78 	7.66 	34,491,277	1,101,762,160
2013-07-15 	31.3	32.3	30.56	32.05	2.72 	5.58 	27,443,640	869,827,450
2013-07-16 	32.26	33.98	32.26	32.81	2.37 	5.37 	24,990,833	828,361,750
2013-07-17 	32.9	33.17	31.27	32.13	-2.07 	5.79 	26,734,081	856,999,450
2013-07-18 	31.87	32.6	31.2	31.32	-2.52 	4.36 	17,873,804	568,158,870
2013-07-19 	31.32	32.72	30.6	31	-1.02 	6.77 	24,269,152	770,603,640
2013-07-22 	30.46	31.88	30.15	31.69	2.23 	5.58 	17,640,760	552,012,790
2013-07-23 	31.61	32.37	31.2	31.95	0.82 	3.69 	18,367,685	584,848,480
2013-07-24 	32.4	34.2	32.18	33.53	4.95 	6.32 	30,230,759	1,010,798,840
2013-07-25 	33.6	33.6	30.4	30.42	-9.28 	9.54 	32,603,607	1,022,910,190
2013-07-26 	30.4	31.05	28.88	30.17	-0.82 	7.13 	20,654,065	617,710,790
2013-07-29 	29.42	30.61	29	29.07	-3.65 	5.34 	12,333,734	366,306,100
2013-07-30 	29	29.59	26.53	28	-3.68 	10.53 	16,594,138	461,506,450
2013-07-31 	27.9	28.49	27.2	27.55	-1.61 	4.61 	10,229,258	284,873,020
2013-08-01 	27.7	29.72	27.48	29.39	6.68 	8.13 	17,794,456	514,316,370
2013-08-02 	29.67	30.51	29.2	29.48	0.31 	4.46 	15,508,525	462,965,720
2013-08-05 	29.09	29.71	28	28.9	-1.97 	5.80 	14,513,046	417,343,030
2013-08-06 	28.79	29.78	28.79	29.45	1.90 	3.43 	12,642,589	372,378,860
2013-08-07 	29.65	29.9	28.1	28.14	-4.45 	6.11 	13,326,044	383,561,220
2013-08-08 	28	28.75	27.48	28.3	0.57 	4.51 	11,814,924	330,758,520
2013-08-09 	28.18	28.58	27.09	27.48	-2.90 	5.27 	11,015,355	305,934,950
2013-08-12 	27.31	27.93	26.02	26.66	-2.98 	6.95 	15,531,676	417,205,350
2013-08-13 	26.81	29.33	26.81	29.33	10.02 	9.45 	22,809,226	656,910,630
2013-08-14 	29.8	30.65	28.88	30.21	3.00 	6.03 	29,394,115	877,411,520
2013-08-15 	30	30.26	29.35	29.66	-1.82 	3.01 	12,727,363	379,199,030
2013-08-16 	29.23	31.52	29	29.96	1.01 	8.50 	23,354,408	709,028,220
2013-08-19 	29.45	30.85	29.12	30.45	1.64 	5.77 	15,949,301	482,715,330
2013-08-20 	30.8	31.4	29.86	30.66	0.69 	5.06 	14,094,783	430,235,960
2013-08-21 	30.66	30.8	29.68	29.87	-2.58 	3.65 	12,189,974	365,622,570
2013-08-22 	29.95	31.35	29.65	30.79	3.08 	5.69 	19,701,201	603,185,250
2013-08-23 	30.8	32.73	30.53	31.9	3.61 	7.15 	27,039,686	857,642,490
2013-08-26 	31.33	32.5	31.14	31.84	-0.19 	4.26 	16,087,778	512,680,900
2013-10-08 	35.02	35.02	35.02	35.02	9.99 	0.00 	716,022	25,075,090
2013-10-09 	38.52	38.52	38.52	38.52	9.99 	0.00 	485,750	18,711,090
2013-10-10 	42.37	42.37	41.11	42.37	9.99 	3.27 	49,784,267	2,098,817,600
2013-10-14 	39.95	45.37	39.11	42.57	0.47 	14.77 	35,011,402	1,461,970,100
2013-10-15 	43	46.57	42	44.2	3.83 	10.74 	24,427,090	1,091,045,110
2013-10-16 	44.2	45.65	40.32	43.8	-0.90 	12.06 	24,458,373	1,057,908,340
2013-10-17 	43.8	45.8	42.6	43.02	-1.78 	7.31 	19,677,804	868,838,640
2013-10-18 	42.1	47.32	42.1	47.32	10.00 	12.13 	23,527,379	1,068,869,530
2013-10-21 	48.48	52.05	47.52	51.3	8.41 	9.57 	22,154,593	1,105,564,680
2013-10-22 	50.45	51.3	46.17	46.17	-10.00 	10.00 	16,882,242	817,654,390
2013-10-23 	42.8	43.26	41.55	41.55	-10.01 	3.70 	29,457,667	1,232,469,400
2013-10-24 	41.56	43.39	40.5	41.92	0.89 	6.96 	15,844,939	667,884,460
2013-10-25 	41.63	41.93	37.73	37.9	-9.59 	10.02 	28,553,794	1,100,665,720
2013-10-28 	37.01	41.6	36.04	40.72	7.44 	14.67 	24,526,258	949,898,840
2013-10-29 	41.08	42.83	37.98	41.95	3.02 	11.91 	24,093,036	973,893,660
2013-10-30 	41.09	42.17	39.8	40.72	-2.93 	5.65 	14,889,649	613,629,550
2013-10-31 	40.2	40.21	36.65	36.73	-9.80 	8.74 	16,998,755	641,694,760
2013-11-01 	35.86	38.27	34.56	36.74	0.03 	10.10 	15,234,526	554,477,300
2013-11-04 	36.74	37.12	35.3	35.49	-3.40 	4.95 	10,797,132	390,201,500
2013-11-05 	35.25	38.93	34.51	38.6	8.76 	12.45 	15,834,472	582,099,630
2013-11-06 	38.5	38.86	36.57	36.84	-4.56 	5.93 	13,545,140	513,058,950
2013-11-07 	36.58	39.3	36.25	37.78	2.55 	8.28 	13,146,742	501,226,240
2013-11-08 	37.2	41.12	36.65	39.43	4.37 	11.83 	17,623,323	690,743,540
2013-11-11 	39.2	39.42	37.67	37.9	-3.88 	4.44 	10,403,207	399,484,130
2013-11-12 	38.01	39.29	37.15	38.25	0.92 	5.65 	10,606,661	407,107,170
2013-11-13 	38.12	41.17	37.9	38.91	1.73 	8.55 	15,619,826	619,385,470
2013-11-14 	38.5	41.99	38.3	41.32	6.19 	9.48 	17,511,589	710,468,000
2013-11-15 	41.15	42.6	40.77	40.9	-1.02 	4.43 	15,251,619	636,131,710
2013-11-18 	41.56	42.94	40.86	41.66	1.86 	5.09 	12,169,668	505,933,830
2013-11-19 	42	43.39	41.56	42.38	1.73 	4.39 	13,054,790	554,342,850
2013-11-20 	42.47	42.68	40.85	41.93	-1.06 	4.32 	12,490,378	519,646,490
2013-11-21 	41.58	42.67	41.03	41.75	-0.43 	3.91 	9,755,669	408,907,870
2013-11-22 	41.95	42.37	40	40.78	-2.32 	5.68 	9,606,782	392,968,530
2013-11-25 	40.78	40.78	39.11	39.4	-3.38 	4.10 	9,350,371	372,040,360
2013-11-26 	39	40.52	38.85	39.49	0.23 	4.24 	8,337,603	332,948,720
2013-11-27 	39.08	42.38	39.08	41.38	4.79 	8.36 	13,934,151	571,828,950
2013-11-28 	41.48	42.8	41.2	41.73	0.85 	3.87 	11,108,081	466,166,920
2013-11-29 	41.43	43.52	41.4	42.95	2.92 	5.08 	14,658,739	621,283,520
2013-12-02 	41	41.2	38.66	38.66	-9.99 	5.91 	17,712,743	700,907,640
2013-12-03 	35.9	37.68	34.79	37.1	-4.04 	7.48 	17,630,523	635,572,710
2013-12-04 	37	37.95	35.51	35.59	-4.07 	6.58 	12,011,536	442,807,950
2013-12-05 	35.2	35.75	32.1	32.48	-8.74 	10.26 	25,376,460	845,041,250
2013-12-06 	32.63	33.89	32.28	33.3	2.52 	4.96 	13,870,284	459,062,830
2013-12-09 	33.45	35.36	33.1	34.97	5.02 	6.79 	14,612,051	503,895,110
2013-12-10 	35.02	35.62	34.55	34.92	-0.14 	3.06 	9,900,749	346,884,870
2013-12-11 	35.28	38.41	35.28	38.41	9.99 	8.96 	25,804,103	973,088,900
2013-12-12 	38	41.18	37.9	39.8	3.62 	8.54 	22,216,743	880,611,900
2013-12-13 	39.51	41.18	38.9	39.6	-0.50 	5.73 	15,754,450	630,106,470
2013-12-16 	39.1	41	39.1	40.08	1.21 	4.80 	12,977,170	520,455,350
2013-12-17 	40.01	40.35	37.1	37.8	-5.69 	8.11 	14,169,981	541,781,350
2013-12-18 	37.88	38.37	35.82	38.15	0.93 	6.75 	10,351,538	382,493,740
2013-12-26 	39.8	41.78	38.52	39.8	4.33 	8.55 	18,113,076	737,080,380
2013-12-27 	39	41.68	38.8	40.01	0.53 	7.24 	12,959,404	527,003,990
2013-12-30 	39.95	41.31	39.44	39.66	-0.87 	4.67 	12,574,775	504,196,410
2013-12-31 	39.49	41.25	38.51	40.8	2.87 	6.91 	16,984,478	682,542,560
2014-01-02 	40.88	44.88	40.71	44.88	10.00 	10.22 	23,744,860	1,032,075,910
2014-01-03 	46.5	47.2	45.3	46.1	2.72 	4.23 	22,223,788	1,027,615,640
2014-01-06 	46.3	48.25	45.07	45.22	-1.91 	6.90 	20,552,577	960,839,750
2014-01-07 	44.81	46.63	43	46	1.72 	8.03 	17,093,128	773,324,460
2014-01-08 	47.02	50.6	46.82	50.6	10.00 	8.22 	23,957,275	1,172,190,810
2014-01-09 	50.69	51.99	48.03	48.18	-4.78 	7.83 	22,181,947	1,116,877,280
2014-01-10 	47.88	50.66	47.3	48.18	0.00 	6.97 	17,514,793	854,601,870
2014-01-13 	48.2	49.91	47.48	49.29	2.30 	5.04 	15,480,908	754,548,900
2014-01-14 	49.05	50	47.55	49.81	1.05 	4.97 	12,458,657	609,831,920
2014-01-15 	49.5	51.52	48.88	51.52	3.43 	5.30 	15,204,726	762,386,450
2014-01-16 	52.19	52.55	46.63	46.9	-8.97 	11.49 	23,053,852	1,126,100,800
2014-01-17 	47.3	51.5	46	51.21	9.19 	11.73 	22,202,093	1,090,895,050
2014-01-20 	50.58	50.7	47.72	49.01	-4.30 	5.82 	14,357,134	705,437,090
2014-01-21 	48.11	50.5	48	49.8	1.61 	5.10 	12,811,096	632,454,790
2014-01-22 	49.41	51	47.78	49.39	-0.82 	6.47 	16,075,081	789,870,290
2014-01-23 	49.5	54.33	49.46	54.33	10.00 	9.86 	31,372,774	1,661,129,800
2014-01-24 	53.96	54.21	52.68	53.48	-1.56 	2.82 	17,837,214	950,183,920
2014-01-27 	52.6	55.5	51.78	52.15	-2.49 	6.96 	19,530,760	1,047,426,810
2014-01-28 	51.6	52.34	49.6	51.1	-2.01 	5.25 	13,848,595	703,242,550
2014-01-29 	51.6	52.59	50.1	52.3	2.35 	4.87 	15,815,920	814,764,870
2014-01-30 	51.7	53.6	50.48	51.4	-1.72 	5.97 	13,239,395	694,620,020
2014-02-07 	50.95	52.52	49.78	52.33	1.81 	5.33 	9,290,169	478,603,150
2014-02-10 	52.72	53.32	50.77	51.81	-0.99 	4.87 	11,469,320	594,313,490
2014-02-11 	51.61	54.24	49.8	51.49	-0.62 	8.57 	13,904,468	723,925,990
2014-02-12 	50.5	52	48.9	49.93	-3.03 	6.02 	13,822,006	686,915,260
2014-02-13 	49.8	50.33	46.46	46.65	-6.57 	7.75 	16,764,468	806,961,340
2014-02-14 	46.14	47.47	45.1	46.88	0.49 	5.08 	12,450,077	578,283,390
2014-02-17 	47.1	48.33	46.26	48	2.39 	4.42 	13,910,750	660,268,670
2014-02-18 	47.77	48.99	47	47.77	-0.48 	4.15 	10,848,741	520,151,800
2014-02-19 	47.9	48.36	46.02	46.88	-1.86 	4.90 	8,453,415	396,583,520
2014-02-20 	46.68	46.68	44.68	44.9	-4.22 	4.27 	12,759,325	578,649,780
2014-02-21 	44.5	46.49	44.5	46.29	3.10 	4.43 	10,114,603	462,769,860
2014-02-24 	46.5	50.6	46.26	49.75	7.47 	9.38 	22,824,651	1,120,227,500
2014-02-25 	49.5	51.95	47.47	47.79	-3.94 	9.01 	19,630,490	980,749,060
2014-02-26 	47.3	50.7	45	50.49	5.65 	11.93 	18,600,057	911,952,870
2014-02-27 	50.49	52.58	49.01	49.4	-2.16 	7.07 	18,916,763	967,276,520
2014-03-04 	50.1	50.74	46.61	46.9	-5.06 	8.36 	17,032,427	827,515,190
2014-03-05 	47.05	47.57	45.8	46.15	-1.60 	3.77 	10,514,055	488,278,660
2014-03-06 	46	46.1	41.7	44.2	-4.23 	9.53 	18,084,262	790,917,880
2014-03-07 	43.8	44.97	41.95	42.71	-3.37 	6.83 	14,715,469	636,148,620
2014-03-10 	42.02	43.3	41.46	43.15	1.03 	4.31 	13,262,651	562,280,090
2014-03-11 	42.58	43.55	41.77	42.71	-1.02 	4.13 	8,839,435	375,869,620
2014-03-12 	42.49	46.98	42.4	45.92	7.52 	10.72 	24,280,233	1,116,586,790
2014-03-13 	45.65	47.17	45.4	46.58	1.44 	3.85 	10,314,881	478,641,680
2014-03-14 	46.9	46.9	45	45.15	-3.07 	4.08 	8,403,465	385,058,240
2014-03-17 	44.99	47.16	44.99	47.08	4.27 	4.81 	9,891,312	462,618,440
2014-03-18 	47.05	47.15	45.99	46.88	-0.42 	2.46 	9,439,590	440,247,940
2014-03-19 	46.9	47.71	46.5	47.15	0.58 	2.58 	10,935,307	517,266,930
2014-03-20 	46.89	46.95	43	43.79	-7.13 	8.38 	10,495,420	474,980,460
2014-03-21 	43.38	43.5	40.88	43.28	-1.16 	5.98 	11,992,897	505,698,540
2014-03-24 	40	41.5	40	40.79	-5.75 	3.47 	16,950,935	690,128,260
2014-03-25 	40.38	41.4	39.4	40.2	-1.45 	4.90 	12,519,929	506,442,380
2014-03-26 	40.26	41.5	40.26	40.9	1.74 	3.08 	9,654,728	396,731,170
2014-03-27 	40.94	41.43	38.38	39.13	-4.33 	7.46 	9,787,670	389,456,010
2014-03-28 	39.19	39.57	35.7	36.8	-5.95 	9.89 	14,178,504	526,406,060
2014-03-31 	36.69	37.6	36.16	37.35	1.49 	3.91 	9,126,751	338,755,940
2014-04-01 	37.51	38.28	37.13	37.81	1.23 	3.08 	6,925,386	261,624,820
2014-04-02 	38.14	38.52	36.09	37.69	-0.32 	6.43 	9,038,012	336,236,600
2014-04-03 	37.8	38.5	37.26	37.81	0.32 	3.29 	8,086,508	307,228,990
2014-04-04 	37.35	38.52	36.75	38.22	1.08 	4.68 	7,927,061	300,853,020
2014-04-08 	36.68	37.95	35.94	37.56	-1.73 	5.26 	10,803,758	398,230,250
2014-04-09 	38	39.4	38	38.9	3.57 	3.73 	10,367,978	402,405,250
2014-04-10 	39.3	39.34	38.36	38.48	-1.08 	2.52 	11,833,990	460,409,030
2014-04-11 	37.6	38.89	36.88	38.54	0.16 	5.22 	8,422,215	319,600,030
2014-04-14 	38.6	39.88	38.45	38.58	0.10 	3.71 	7,929,794	309,248,520
2014-04-15 	38.4	39.45	38.35	39	1.09 	2.85 	6,795,389	264,906,110
2014-04-16 	39.05	39.33	38.2	38.78	-0.56 	2.90 	5,211,790	202,277,390
2014-04-17 	38.8	39.68	38.6	39	0.57 	2.78 	6,196,436	243,197,470
2014-04-18 	38.65	39.64	38.59	38.98	-0.05 	2.69 	5,322,596	208,314,130
2014-04-21 	38.5	39.6	38.3	38.9	-0.21 	3.34 	6,461,231	253,055,890
2014-04-22 	39	39.31	35.8	35.99	-7.48 	9.02 	14,572,080	537,680,360
2014-04-23 	35.8	36.3	33.81	34.63	-3.78 	6.92 	12,407,543	432,752,700
2014-04-24 	34.75	38	34.01	37.07	7.05 	11.52 	14,064,485	505,623,420
2014-04-25 	36.6	36.94	34.98	35.4	-4.50 	5.29 	10,500,736	376,961,050
2014-04-28 	35	36.3	34.58	34.94	-1.30 	4.86 	11,418,752	406,465,430
2014-04-29 	35.05	35.75	34.45	35.3	1.03 	3.72 	8,503,695	299,707,770
2014-04-30 	35.4	36.1	35.21	35.58	0.79 	2.52 	6,922,863	246,829,180
2014-05-05 	35.7	36.31	35.12	36.24	1.85 	3.34 	7,308,991	261,634,350
2014-05-06 	36.3	38.2	36.02	37.23	2.73 	6.02 	14,377,501	534,981,560
2014-05-07 	37	37.7	36.58	36.66	-1.53 	3.01 	7,323,672	271,214,950
2014-05-08 	36.3	37.05	36.27	36.45	-0.57 	2.13 	4,763,669	174,559,780
2014-05-09 	36.57	36.78	34.4	34.54	-5.24 	6.53 	11,285,035	394,447,300
2014-05-12 	34.76	35.65	34.5	35.35	2.35 	3.33 	5,666,231	199,064,930
2014-05-13 	35.65	38.69	35.45	36.7	3.82 	9.17 	12,792,729	476,771,460
2014-05-14 	36.4	37.2	36.13	36.89	0.52 	2.92 	5,228,436	192,252,390
2014-05-15 	37	37.73	36.6	36.95	0.16 	3.06 	7,714,551	286,638,350
2014-05-16 	36.77	37.2	35.1	35.91	-2.81 	5.68 	8,017,720	289,659,750
2014-05-19 	37.2	37.8	36.26	37.06	3.20 	4.29 	10,789,360	401,283,490
2014-05-20 	37.7	39.32	37.62	38.7	4.43 	4.59 	18,365,119	708,992,270
2014-05-21 	38.5	39.09	38.01	38.88	0.47 	2.79 	7,828,451	303,216,930
2014-05-22 	39.12	41.41	39.1	40.25	3.52 	5.94 	16,076,790	649,010,760
2014-05-23 	40.2	42	39.55	41.9	4.10 	6.09 	14,767,493	605,694,660
2014-05-26 	42.25	42.5	41.2	41.9	0.00 	3.10 	11,496,637	481,927,750
2014-05-27 	41.88	41.96	40.75	40.99	-2.17 	2.89 	8,617,693	355,034,280
2014-05-28 	40.85	42.24	40.85	41.86	2.12 	3.39 	7,896,693	328,847,260
2014-05-29 	41.88	41.96	39.71	40.05	-4.32 	5.38 	10,646,625	431,790,580
2014-05-30 	40.01	41.26	39.6	40.9	2.12 	4.14 	6,244,630	253,653,540
2014-06-03 	40.72	41.79	40.72	41.16	0.64 	2.62 	6,906,398	286,443,390
2014-06-04 	41.44	42.68	41.01	42.51	3.28 	4.06 	11,424,869	480,890,860
2014-06-05 	43.05	45.87	42.68	45.64	7.36 	7.50 	16,664,403	743,535,510
2014-06-06 	45.3	46.3	44.4	45.25	-0.85 	4.16 	12,891,075	581,601,100
2014-06-09 	45.18	45.7	44.01	44.74	-1.13 	3.73 	7,999,974	358,894,890
2014-06-10 	44.8	46.76	44.66	45.8	2.37 	4.69 	11,549,171	528,941,790
2014-06-11 	45.7	49	45.2	46.52	1.57 	8.30 	14,699,544	694,581,500
2014-06-12 	46.75	48.39	46.33	47.85	2.86 	4.43 	11,560,894	550,312,570
2014-06-13 	47.8	48.19	47.02	47.8	-0.10 	2.45 	7,085,199	338,036,910
2014-06-16 	48.61	49.2	47.47	47.89	0.19 	3.62 	8,281,624	399,491,450
2014-06-17 	47.9	48.79	46.51	48.3	0.86 	4.76 	8,928,525	425,723,750
2014-06-18 	48.3	48.59	45.97	46.01	-4.74 	5.42 	8,894,546	418,346,200
2014-06-19 	45.98	46.8	43.78	45.2	-1.76 	6.56 	10,559,328	478,797,120
2014-06-20 	44.8	45.3	41.8	43.16	-4.51 	7.74 	14,916,758	649,119,430
2014-06-23 	42.5	45.55	42.21	45.36	5.10 	7.74 	11,347,160	501,643,210
2014-06-24 	44.1	45.89	44.1	44.88	-1.06 	3.95 	9,141,635	410,829,670
2014-06-25 	44.8	45.39	42.9	44.2	-1.52 	5.55 	8,587,242	375,944,290
2014-06-26 	43.94	45.28	43.72	44.98	1.76 	3.53 	9,239,329	414,715,880
2014-06-27 	44.7	45	43.45	43.76	-2.71 	3.45 	13,190,921	579,677,400
2014-06-30 	43.49	44.45	41.7	43.9	0.32 	6.28 	12,073,087	520,228,660
2014-07-01 	43.64	45.31	43.58	45.08	2.69 	3.94 	10,787,225	484,143,820
2014-07-02 	44.96	46.62	44.96	45.6	1.15 	3.68 	9,472,769	434,193,510
2014-07-03 	45.6	45.8	44.51	44.98	-1.36 	2.83 	5,958,157	268,365,560
2014-07-04 	45	45.8	43.9	44.1	-1.96 	4.22 	7,098,164	316,234,530
2014-07-07 	43.81	43.81	42.79	43	-2.49 	2.31 	8,671,936	374,122,450
2014-07-08 	43.05	44.25	42.53	44.21	2.81 	4.00 	6,917,217	301,875,180
2014-07-09 	44	44.85	42.65	42.83	-3.12 	4.98 	9,201,915	400,536,040
2014-07-10 	42.77	42.78	41.52	41.85	-2.29 	2.94 	9,709,379	406,858,860
2014-07-11 	41.7	42.26	39.18	40.15	-4.06 	7.36 	17,366,320	701,371,690
2014-07-14 	39.31	40.8	37.5	40.8	1.62 	8.22 	20,572,315	802,194,940
2014-07-15 	40.45	41.21	40.15	40.2	-1.47 	2.60 	9,266,296	377,181,510
2014-07-16 	38.3	38.8	36.18	36.28	-9.75 	6.52 	33,619,429	1,247,821,020
2014-07-17 	34.8	36.03	32.65	32.65	-10.01 	9.32 	43,467,817	1,463,734,600
2014-07-21 	33.3	35.88	33	35.21	7.84 	8.82 	34,417,759	1,179,671,740
2014-07-22 	35.24	36.2	34.3	35.57	1.02 	5.40 	16,640,019	587,359,580
2014-07-23 	35.57	38.05	34.71	36.81	3.49 	9.39 	20,632,501	753,088,220
2014-07-24 	36.8	37.54	36	36.33	-1.30 	4.18 	11,987,414	441,011,900
2014-07-25 	36.68	37.48	36.33	36.79	1.27 	3.17 	9,498,762	351,421,810
2014-08-08 	40.47	40.47	38.91	39.6	7.64 	4.24 	28,034,152	1,112,428,650
2014-08-11 	39.7	40.9	39.61	40.65	2.65 	3.26 	16,585,858	671,746,830
2014-08-12 	40.68	40.8	40.04	40.2	-1.11 	1.87 	8,687,096	350,410,380
2014-08-13 	40.4	40.69	38.68	39.3	-2.24 	5.00 	11,344,354	447,767,250
2014-08-14 	39.3	39.87	38.68	39.13	-0.43 	3.03 	8,235,902	323,376,380
2014-08-15 	38.72	39.25	38.36	38.9	-0.59 	2.27 	7,106,205	276,277,230
2014-08-18 	38.92	39.83	38.58	39.83	2.39 	3.21 	13,597,541	534,682,900
2014-08-19 	40.7	41.23	40.02	40.3	1.18 	3.04 	16,232,399	660,866,020
2014-08-20 	40.4	40.4	39.5	39.65	-1.61 	2.23 	8,315,714	331,247,620
2014-08-25 	38.28	39.2	36.66	37.69	-4.94 	6.41 	24,928,174	940,186,360
2014-08-26 	37.7	37.79	36.15	36.2	-3.95 	4.35 	13,692,950	502,637,720
2014-08-27 	36.22	37.88	36.22	37.81	4.45 	4.59 	12,922,347	483,439,670
2014-08-28 	37.78	37.97	36.94	37.14	-1.77 	2.72 	7,417,319	276,776,940
2014-08-29 	37.15	37.4	36.71	37.15	0.03 	1.86 	4,647,522	171,816,060
2014-09-01 	37.25	37.68	37.11	37.6	1.21 	1.53 	7,011,505	262,549,750
2014-09-02 	37.57	40.38	37.39	39.38	4.73 	7.95 	16,329,506	637,405,610
2014-09-03 	38.99	39.86	38.8	39.19	-0.48 	2.69 	13,535,392	531,930,670
2014-09-04 	39.59	40.19	39.16	39.8	1.56 	2.63 	13,704,392	543,972,290
2014-09-05 	39.81	39.94	38.7	39.1	-1.76 	3.12 	11,667,550	456,269,740
2014-09-09 	39.2	39.38	38.51	38.9	-0.51 	2.23 	6,435,787	249,821,640
2014-09-10 	38.7	39.5	38.6	39.18	0.72 	2.31 	8,141,382	319,151,510
2014-09-11 	39.43	40.25	39.12	39.4	0.56 	2.88 	12,006,643	476,321,670
2014-09-12 	39.4	39.54	38.5	39.12	-0.71 	2.64 	7,276,299	283,389,200
2014-09-15 	38.65	38.66	37.56	38.14	-2.51 	2.81 	13,489,761	512,900,410
2014-09-16 	38.02	38.55	37.2	37.31	-2.18 	3.54 	8,635,873	327,089,150
2014-09-17 	37.31	37.89	37.22	37.85	1.45 	1.80 	6,033,276	226,188,010
2014-09-18 	37.75	38.2	37.6	38	0.40 	1.59 	4,585,073	174,029,710
2014-09-19 	37.87	37.88	36.43	37.18	-2.16 	3.82 	11,174,161	414,077,400
2014-09-22 	37.15	38.26	36.8	37.35	0.46 	3.93 	7,935,022	297,989,220
2014-09-23 	37.69	38.2	37.42	37.6	0.67 	2.09 	5,705,095	215,340,970
2014-09-24 	37.6	38.2	37.3	37.83	0.61 	2.39 	7,930,058	299,731,480
2014-09-25 	37.83	37.99	37.02	37.17	-1.74 	2.56 	8,068,648	302,700,970
2014-09-26 	37.18	37.85	37.1	37.39	0.59 	2.02 	6,033,613	225,525,470
2014-09-29 	37.39	37.85	37.39	37.65	0.70 	1.23 	7,059,766	265,824,500
2014-09-30 	37.75	37.8	37	37.39	-0.69 	2.12 	8,395,131	313,307,200
2014-10-08 	37.39	37.47	36.75	37.26	-0.35 	1.93 	7,399,326	274,105,130
2014-10-09 	37.26	38.76	37.26	38.69	3.84 	4.03 	15,797,640	600,605,480
2014-10-10 	38.76	38.79	38.13	38.14	-1.42 	1.71 	9,285,342	356,548,830
2014-10-13 	37.97	37.98	36.71	37.19	-2.49 	3.33 	7,710,518	286,578,490
2014-10-14 	37.17	37.53	36.85	37.05	-0.38 	1.83 	7,352,572	273,137,270
2014-10-15 	37	37.67	36.94	37.62	1.54 	1.97 	7,770,346	290,551,110
2014-10-16 	37.31	37.57	36.73	36.81	-2.15 	2.23 	6,487,655	240,806,630
2014-10-17 	36.72	36.99	35.5	35.63	-3.21 	4.05 	9,122,759	328,487,440
2014-10-20 	35.67	36.47	35.67	36.04	1.15 	2.25 	5,039,888	182,147,590
2014-10-21 	36.15	36.45	35.95	36.02	-0.06 	1.39 	3,272,800	118,247,949
2014-10-22 	36.04	36.29	35.21	35.34	-1.89 	3.00 	6,520,850	232,759,370
2014-10-23 	35.02	35.18	33.31	34	-3.79 	5.29 	9,941,572	339,475,730
2014-10-24 	33.7	34.63	33.11	33.51	-1.44 	4.47 	9,183,181	309,996,460
2014-12-08 	36.86	36.86	34.85	36.86	10.00 	6.00 	27,560,184	1,011,323,240
2014-12-09 	38	39.6	36.9	37.03	0.46 	7.33 	44,855,842	1,726,618,400
2014-12-10 	37.17	39.06	37.17	38.1	2.89 	5.10 	30,459,292	1,167,436,530
2014-12-11 	37.51	39.13	37.19	37.28	-2.15 	5.09 	17,968,555	682,294,110
2014-12-12 	37.35	37.99	35.69	36.34	-2.52 	6.17 	20,790,009	759,243,440
2014-12-15 	35.99	37.39	34.8	36.04	-0.83 	7.13 	22,331,108	798,875,240
2014-12-16 	36.11	37	35.86	36.25	0.58 	3.16 	13,176,994	479,214,310
2014-12-17 	35.85	36.02	35.02	35.8	-1.24 	2.76 	16,829,735	596,541,100
2014-12-18 	35.7	36.25	35	35.07	-2.04 	3.49 	13,571,151	483,807,660
2014-12-19 	34.69	35.51	33.24	33.47	-4.56 	6.47 	17,117,152	583,258,670
2014-12-22 	32	32.5	30.12	30.12	-10.01 	7.11 	25,126,659	768,900,620
2014-12-23 	28.2	31.3	28.2	29.23	-2.95 	10.29 	25,441,332	762,421,610
2014-12-24 	29.22	30.49	29.22	30.15	3.15 	4.34 	17,482,139	526,143,840
2014-12-25 	30.21	33.17	30.21	32.11	6.50 	9.82 	18,278,839	588,639,910
2014-12-26 	32.14	32.63	31.36	31.94	-0.53 	3.96 	8,852,669	283,082,450
2014-12-29 	31.49	31.49	28.83	30.24	-5.32 	8.33 	19,159,621	576,172,100
2014-12-30 	30.12	32.24	29.56	32.13	6.25 	8.86 	17,265,553	531,897,300
2014-12-31 	31.78	33.97	31.55	32.44	0.96 	7.53 	19,333,656	636,509,570
2015-01-05 	33.7	35.68	32.46	35.4	9.12 	9.93 	32,619,011	1,141,656,150
2015-01-06 	35.4	38	35.17	37.41	5.68 	7.99 	28,942,788	1,070,988,370
2015-01-07 	37.06	37.85	35.72	36	-3.77 	5.69 	19,283,845	707,620,750
2015-01-08 	36	39.5	36	38.37	6.58 	9.72 	31,640,097	1,205,781,840
2015-01-09 	37.95	40.58	37.37	39.58	3.15 	8.37 	27,451,923	1,091,632,440
2015-01-12 	40.09	43.54	40.06	42.98	8.59 	8.79 	43,567,000	1,863,986,000
2015-01-13 	42.8	43.36	41.6	42.31	-1.56 	4.09 	22,553,317	957,187,020
2015-01-14 	42.8	44.47	42.07	42.69	0.90 	5.67 	17,469,724	754,557,880
2015-01-15 	42.61	44.48	42.61	44.48	4.19 	4.38 	19,836,668	867,051,110
2015-01-16 	46	48.93	46	48.93	10.00 	6.59 	19,638,201	945,955,200
2015-01-19 	49	52.5	46.25	50.7	3.62 	12.77 	43,349,674	2,165,674,700
2015-01-20 	50.01	53.5	48.7	52.59	3.73 	9.47 	30,346,702	1,559,662,700
2015-01-21 	50	51.8	48	50.21	-4.53 	7.23 	36,765,000	1,839,565,500
2015-01-22 	50	52.1	49.84	50.8	1.18 	4.50 	21,033,563	1,072,869,300
2015-01-23 	51.49	51.69	49.4	49.56	-2.44 	4.51 	17,935,255	898,662,700
2015-01-26 	50.05	54.52	50.05	54.52	10.01 	9.02 	24,742,587	1,299,327,830
2015-01-27 	55.2	56.6	53.9	55.37	1.56 	4.95 	18,187,281	1,006,126,250
2015-01-28 	55.5	55.99	51.8	51.94	-6.19 	7.57 	20,771,163	1,108,258,340
2015-01-29 	51.8	53.4	50	50.85	-2.10 	6.55 	18,566,065	953,250,040
2015-01-30 	50.85	51.35	48.19	48.4	-4.82 	6.21 	19,977,017	980,950,230
2015-02-02 	48.5	52.2	48.01	50	3.31 	8.66 	26,804,227	1,345,034,600
2015-02-03 	50.99	55	50.4	53.3	6.60 	9.20 	32,063,338	1,687,183,300
2015-02-04 	53.5	56.2	53.5	53.84	1.01 	5.07 	26,285,973	1,440,970,700
2015-02-05 	54.35	59.22	52.7	59.22	9.99 	12.11 	44,802,842	2,608,246,700
2015-02-06 	60	61.09	58.05	58.6	-1.05 	5.13 	25,340,835	1,508,299,500
2015-02-09 	58.6	62.3	55.5	57.38	-2.08 	11.60 	21,963,293	1,298,935,990
2015-02-10 	56	63.12	55.55	63.12	10.00 	13.19 	21,648,069	1,301,908,550
2015-02-11 	63.2	69.43	63.2	69.43	10.00 	9.87 	31,706,932	2,153,447,100
2015-02-12 	70.1	71.2	68.04	70.15	1.04 	4.55 	20,539,526	1,429,503,900
2015-02-13 	70.38	77.17	70.38	77.17	10.01 	9.68 	18,028,827	1,351,627,600
2015-02-16 	79.12	84.89	78.2	84.89	10.00 	8.67 	21,664,591	1,767,124,300
2015-02-17 	88	92.8	82.88	90.2	6.26 	11.69 	33,134,257	2,907,695,100
2015-02-25 	87.98	88.5	81.18	81.18	-10.00 	8.12 	25,627,241	2,147,891,400
2015-02-26 	79	82.62	77.16	82.32	1.40 	6.73 	35,361,244	2,829,519,300
2015-02-27 	82.08	82.77	78.98	79.9	-2.94 	4.60 	28,174,671	2,266,102,100
2015-03-02 	79	83.39	79	80.39	0.61 	5.49 	37,334,551	3,025,603,700
2015-03-03 	78.81	80.18	75.89	75.99	-5.47 	5.34 	36,036,043	2,793,672,800
2015-03-04 	76.05	78.48	76.05	76.7	0.93 	3.20 	23,840,972	1,838,421,300
2015-03-05 	76.58	81.4	76.01	79.88	4.15 	7.03 	30,623,991	2,429,586,200
2015-03-06 	80.66	81.18	74.52	75.53	-5.45 	8.34 	26,167,563	2,007,098,200
2015-03-09 	74.7	79.77	73.81	78.7	4.20 	7.89 	19,628,163	1,517,506,900
2015-03-10 	80.98	86.57	79.78	86.57	10.00 	8.63 	22,488,005	1,887,680,500
2015-03-11 	87.67	90.48	81.8	81.8	-5.51 	10.03 	32,008,352	2,765,480,500
2015-03-12 	80.93	84.49	77.32	84.08	2.79 	8.77 	30,281,919	2,416,888,000
2015-03-13 	82.5	85.97	81.4	82.7	-1.64 	5.44 	18,136,430	1,510,059,000
2015-03-16 	82.32	90.97	82.31	90.39	9.30 	10.47 	33,959,584	3,001,555,500
2015-03-17 	89.6	90.6	85.18	87.96	-2.69 	6.00 	24,707,512	2,172,295,200
2015-03-18 	88.3	96.07	86.57	92.3	4.93 	10.80 	24,346,039	2,239,526,700
2015-03-19 	91.51	94.65	89.5	90.15	-2.33 	5.58 	18,101,521	1,650,445,100
2015-03-20 	89.6	92.99	89.01	90	-0.17 	4.41 	18,691,823	1,699,379,800
2015-03-23 	89.97	91.99	88.5	90.72	0.80 	3.88 	20,541,174	1,858,399,600
2015-03-24 	94	99.79	91.01	99.79	10.00 	9.68 	41,504,115	4,006,255,000
2015-03-25 	99.48	99.5	95.63	95.99	-3.81 	3.88 	28,070,580	2,744,058,800
2015-03-26 	94.35	94.4	86.39	86.39	-10.00 	8.34 	38,430,199	3,449,501,600
2015-03-27 	86.51	91	86.51	90.99	5.32 	5.20 	21,574,172	1,925,991,900
2015-03-31 	92.9	99.82	92.88	93.72	3.00 	7.63 	24,795,932	2,375,821,400
2015-04-02 	94.05	98.68	89.72	92.41	-1.40 	9.56 	27,492,764	2,566,756,000
2015-04-03 	90.04	90.78	84.02	88.39	-4.35 	7.32 	29,078,601	2,556,249,900
2015-04-07 	88	89.98	86.18	88.18	-0.24 	4.30 	19,481,663	1,721,307,800
2015-04-08 	88.18	88.25	82.28	83.64	-5.15 	6.77 	32,481,655	2,746,802,600
2015-04-09 	83.92	91.84	81.8	91.84	9.80 	12.00 	30,468,352	2,629,691,300
2015-04-10 	90.99	93.86	88.05	92.87	1.12 	6.33 	28,853,381	2,645,335,100
2015-04-13 	94.5	94.66	92	92.77	-0.11 	2.86 	24,726,001	2,304,541,500
2015-04-14 	92.77	96	89	90.93	-1.98 	7.55 	26,999,972	2,500,399,100
2015-04-15 	94.5	94.98	83.7	83.8	-7.84 	12.41 	30,729,516	2,719,207,100
2015-04-16 	80.84	85.72	79.67	81.55	-2.68 	7.22 	21,654,074	1,782,513,300
2015-04-17 	82.15	86.71	80.37	82.11	0.69 	7.77 	21,651,772	1,811,444,500
2015-04-20 	81.99	84.2	80	82.25	0.17 	5.12 	21,752,942	1,790,706,800
2015-04-21 	83.22	90.48	83.22	90.48	10.01 	8.83 	33,497,730	2,945,743,000
2015-04-22 	92.38	99.53	90.8	99.45	9.91 	9.65 	44,822,627	4,286,290,200
2015-04-23 	100.11	109.21	100.11	101.82	2.38 	9.15 	37,298,681	3,933,163,500
2015-04-24 	100.08	112	99.01	112	10.00 	12.76 	32,153,780	3,432,313,100
2015-04-27 	119	120.18	110.05	112.01	0.01 	9.04 	33,855,085	3,928,762,000
2015-04-28 	112.01	122	107.55	122	8.92 	12.90 	34,687,703	3,954,955,600
2015-04-29 	119.05	134.2	116.51	134.2	10.00 	14.50 	35,233,421	4,467,446,400
2015-04-30 	138	147.62	129	131.79	-1.80 	13.87 	46,150,172	6,453,466,500
2015-05-04 	130	133	122	126.25	-4.20 	8.35 	31,996,596	4,045,059,100
2015-05-05 	126.25	129.98	122	125.79	-0.36 	6.32 	24,825,079	3,136,044,900
2015-05-06 	129	138.37	127	136.99	8.90 	9.04 	38,924,151	5,176,208,800
2015-05-07 	134	148.91	132.8	145.68	6.34 	11.76 	37,843,357	5,419,230,400
2015-05-08 	145.68	149	139.21	148.01	1.60 	6.72 	35,552,651	5,160,392,900
2015-05-11 	149.6	162.75	144.8	162.75	9.96 	12.13 	34,229,134	5,361,283,300
2015-05-12 	166.84	179.03	166.5	179.03	10.00 	7.70 	27,757,110	4,867,561,800
2015-05-13 	84.8	89.5	82.09	82.93	-53.68 	4.14 	134,488,470	11,629,772,000
2015-05-14 	79	81	74.24	74.24	-10.48 	8.15 	126,179,033	9,564,034,500
2015-05-15 	70.98	74.85	68.3	71.6	-3.56 	8.82 	84,893,107	6,114,745,200
2015-05-18 	72	77.5	71.7	76.8	7.26 	8.10 	90,787,772	6,838,756,900
2015-05-19 	78	78.71	72.18	73.7	-4.04 	8.50 	79,086,699	5,848,764,700
2015-05-20 	74.01	75.76	70.91	74.5	1.09 	6.58 	84,098,596	6,165,792,500
2015-05-21 	73.5	75	71.78	73.08	-1.91 	4.32 	63,186,831	4,631,454,400
2015-05-22 	73.11	80.39	73.11	80.39	10.00 	9.96 	120,086,405	9,347,139,700
2015-05-25 	77	78.61	75.3	76.34	-5.04 	4.12 	82,651,863	6,344,278,900
2015-05-26 	70	76.88	70	74.89	-1.90 	9.01 	96,966,712	7,187,382,400
2015-05-27 	76	76.5	70.8	71.72	-4.23 	7.61 	87,471,039	6,381,646,400
2015-05-28 	70.2	71	64.6	64.68	-9.82 	8.92 	94,491,249	6,407,548,400
2015-05-29 	64.67	69.75	64.38	67.82	4.85 	8.30 	67,856,551	4,572,136,400
2015-06-01 	66.8	72.1	66.23	71.2	4.98 	8.66 	58,548,989	4,111,936,200
2015-06-02 	72.2	72.82	69.7	72.1	1.26 	4.38 	69,050,734	4,939,596,400
2015-06-03 	72.11	79.21	70.43	78.98	9.54 	12.18 	93,462,236	7,094,831,700
2015-06-04 	77.49	81.38	71.95	76.58	-3.04 	11.94 	72,479,282	5,586,420,300
2015-06-05 	78.99	81.62	75.66	76.69	0.14 	7.78 	73,698,455	5,837,452,800
2015-06-08 	74.4	74.5	69.02	71.23	-7.12 	7.15 	76,039,924	5,405,105,900
2015-06-09 	68.95	72.5	67.53	69.45	-2.50 	6.98 	51,176,631	3,587,765,900
2015-06-10 	69.66	71.14	67.66	70.38	1.34 	5.01 	41,604,240	2,908,339,600
2015-06-11 	70	70.47	67.9	68.42	-2.78 	3.65 	43,198,585	2,972,827,500
2015-06-12 	67.5	72.7	65.02	71.5	4.50 	11.22 	65,250,773	4,420,132,000
2015-06-15 	71.49	71.49	65.9	66.15	-7.48 	7.82 	54,100,793	3,665,051,400
2015-06-16 	64.5	67.61	61.8	65.91	-0.36 	8.78 	54,938,524	3,546,963,200
2015-06-17 	65	69.5	64	67.95	3.10 	8.34 	45,138,553	3,012,417,900
2015-06-18 	65.24	66	61.16	61.16	-9.99 	7.12 	54,622,865	3,472,928,500
2015-06-19 	59	59.7	55.04	55.04	-10.01 	7.62 	50,234,016	2,830,691,700
2015-06-23 	52.79	55.1	51.11	54.3	-1.34 	7.25 	65,828,341	3,523,118,600
2015-06-24 	58.5	59.65	55.18	56.21	3.52 	8.23 	69,220,165	3,989,307,200
2015-06-25 	56.35	56.39	51.55	51.8	-7.85 	8.61 	48,631,793	2,625,908,200
2015-06-26 	49	50.35	46.62	46.79	-9.67 	7.20 	84,901,414	4,075,149,100
2015-06-29 	47.96	49.5	42.2	47.05	0.56 	15.60 	95,558,878	4,449,672,900
2015-06-30 	46	51.76	45.55	51.76	10.01 	13.20 	96,494,347	4,788,850,900
2015-07-01 	54.35	56.94	54	54.8	5.87 	5.68 	123,445,634	6,944,491,100
2015-07-02 	54.8	60	53.05	57.5	4.93 	12.68 	120,940,594	6,886,239,300
2015-07-03 	53.8	62.89	51.75	59.09	2.77 	19.37 	119,503,418	6,831,205,100
2015-07-06 	64	64	53.18	53.18	-10.00 	18.31 	114,664,638	6,575,488,800
2015-07-07 	47.89	50.29	47.86	47.86	-10.00 	4.57 	59,189,123	2,836,848,700
2015-07-09 	44.2	52.65	44.08	52.65	10.01 	17.91 	109,639,146	5,419,285,300
2015-07-10 	52.65	57.92	51.9	57.92	10.01 	11.43 	99,791,015	5,673,796,100
2015-07-13 	59	63.67	56.5	63.64	9.88 	12.38 	143,147,770	8,678,780,600
2015-07-14 	60	65.2	57.67	57.7	-9.33 	11.83 	128,233,102	7,857,895,900
2015-07-15 	56.01	56.07	51.93	51.93	-10.00 	7.18 	66,392,964	3,567,714,200
2015-07-16 	48.8	55	46.74	50.9	-1.98 	15.91 	86,811,193	4,392,879,200
2015-07-17 	51.92	55	50.9	53.71	5.52 	8.06 	66,616,159	3,517,966,400
2015-07-20 	52.98	55.8	51.7	52.23	-2.76 	7.63 	73,117,337	3,906,538,800
2015-07-21 	49.5	51.99	49.5	50.44	-3.43 	4.77 	67,111,877	3,394,692,800
2015-07-22 	51.5	54.55	50.58	52.97	5.02 	7.87 	74,334,123	3,913,516,500
2015-07-23 	52.14	53.97	51.89	53.61	1.21 	3.93 	70,653,194	3,736,779,200
2015-07-24 	53.8	54.49	49.6	50.17	-6.42 	9.12 	71,381,051	3,740,079,300
2015-07-27 	47	48.56	45.15	45.15	-10.01 	6.80 	89,878,085	4,189,014,900
2015-07-28 	43.8	45.68	40.64	43.25	-4.21 	11.16 	98,889,458	4,210,113,900
2015-07-29 	44.25	47.58	41.43	47.58	10.01 	14.22 	96,952,689	4,329,253,400
2015-07-30 	49.1	50.8	45.71	46.58	-2.10 	10.70 	105,011,293	5,171,056,300
2015-07-31 	45.77	50.8	45.77	49.49	6.25 	10.80 	107,585,772	5,255,630,700
2015-08-03 	47	49	45.17	48.3	-2.40 	7.74 	85,475,501	4,021,685,700
2015-08-04 	48.35	51.15	46.58	50.98	5.55 	9.46 	66,348,003	3,261,321,400
2015-08-05 	50.07	50.61	47	47.43	-6.96 	7.08 	59,780,541	2,919,111,100
2015-08-06 	45.49	47	45.02	45.6	-3.86 	4.17 	32,874,456	1,513,773,600
2015-08-07 	47	48.95	46.54	47.19	3.49 	5.29 	40,508,510	1,927,699,000
2015-08-10 	47.32	51.38	47	50.33	6.65 	9.28 	63,998,044	3,169,237,900
2015-08-11 	50	53.92	48.65	51.93	3.18 	10.47 	80,655,382	4,124,831,500
2015-08-12 	51	51.9	49.26	49.4	-4.87 	5.08 	48,935,388	2,489,943,600
2015-08-13 	49.05	51.21	49.01	51.01	3.26 	4.45 	43,503,042	2,197,505,500
2015-08-14 	52.01	52.53	49.65	49.81	-2.35 	5.65 	42,108,324	2,136,677,200
2015-08-17 	48.5	49.47	47.52	48.3	-3.03 	3.91 	35,939,096	1,734,259,600
2015-08-18 	48.66	50.5	45	45.57	-5.65 	11.39 	52,745,702	2,551,905,600
2015-08-19 	44.02	47.3	42.82	46.98	3.09 	9.83 	43,447,844	1,972,060,200
2015-08-20 	46.01	48.5	45.5	45.79	-2.53 	6.39 	32,916,746	1,535,005,900
2015-08-21 	44.31	45.37	42	42.14	-7.97 	7.36 	34,802,494	1,519,917,700
2015-08-24 	40	40	37.93	37.93	-9.99 	4.91 	28,894,957	1,105,896,690
2015-08-25 	34.14	35	34.14	34.14	-9.99 	2.27 	36,373,317	1,244,342,710
2015-08-26 	33	34.89	30.73	30.73	-9.99 	12.19 	75,278,397	2,412,140,900
2015-08-27 	31.52	32.13	28.22	32	4.13 	12.72 	77,768,564	2,383,095,300
2015-08-28 	32	35.2	30.73	35.2	10.00 	13.97 	80,243,565	2,611,488,200
2015-08-31 	34.2	34.7	32.25	33.83	-3.89 	6.96 	67,350,897	2,254,554,500
2015-09-01 	32.67	36.86	32.52	34.4	1.68 	12.83 	91,667,638	3,208,174,000
2015-09-02 	32.3	36	30.96	30.97	-9.97 	14.65 	77,128,044	2,475,530,000
2015-09-07 	31.78	33.9	31.1	31.87	2.91 	9.04 	57,486,313	1,866,588,900
2015-09-08 	31.97	35.06	30.61	35.06	10.01 	13.96 	70,592,018	2,352,797,000
2015-09-09 	36.48	38.25	35.8	36.49	4.08 	6.99 	102,437,151	3,767,697,300
2015-09-10 	35.5	37.9	35.35	36.45	-0.11 	6.99 	65,115,401	2,384,323,900
2015-09-11 	36.2	38.28	36.2	37.66	3.32 	5.71 	65,724,524	2,456,929,900
2015-09-14 	37	37.55	33.89	33.89	-10.01 	9.72 	58,018,803	2,044,284,300
2015-09-15 	32.1	33.33	30.5	30.88	-8.88 	8.35 	49,928,572	1,584,684,300
2015-09-16 	31	33.97	31	33.97	10.01 	9.62 	56,974,686	1,846,886,100
2015-09-17 	33.96	36.3	32.99	33.58	-1.15 	9.74 	70,864,775	2,435,964,300
2015-09-18 	34.05	35.3	33	34.51	2.77 	6.85 	51,004,572	1,744,867,000
2015-09-21 	34.89	37.96	34.61	37.96	10.00 	9.71 	68,999,567	2,509,188,900
2015-09-22 	37.92	40.8	36.86	39.3	3.53 	10.38 	86,697,902	3,329,208,300
2015-09-23 	38.35	40.28	37.45	38.84	-1.17 	7.20 	84,231,981	3,300,514,600
2015-09-24 	41	42.72	40.5	41.98	8.08 	5.72 	117,990,306	4,991,447,300
2015-09-25 	40.8	41.43	37.9	38.59	-8.08 	8.41 	78,743,190	3,121,242,500
2015-09-28 	39.21	42.45	38.51	42.45	10.00 	10.21 	84,595,815	3,477,837,500
2015-09-29 	41.7	42.79	40.73	42.14	-0.73 	4.85 	85,504,140	3,575,055,600
2015-09-30 	42.5	42.78	39.85	40.88	-2.99 	6.95 	49,057,775	2,016,706,800
2015-10-08 	42.46	44.78	41.6	43.5	6.41 	7.78 	62,718,887	2,715,800,400
2015-10-09 	43	43.66	42.3	42.99	-1.17 	3.13 	42,570,582	1,829,687,000
2015-10-12 	43.5	46.79	43.21	45.5	5.84 	8.33 	55,103,742	2,503,090,100
2015-10-13 	44.55	46.35	44.5	45.62	0.26 	4.07 	41,565,540	1,875,324,200
2015-10-14 	45.2	45.47	43.39	43.55	-4.54 	4.56 	42,166,370	1,864,357,900
2015-10-15 	44.12	46.79	43.55	46.2	6.08 	7.44 	55,480,623	2,524,365,800
2015-10-16 	46.2	49.6	46	48.93	5.91 	7.79 	72,066,654	3,450,514,300
2015-10-19 	50.9	50.9	47.6	48.72	-0.43 	6.74 	65,317,283	3,215,344,000
2015-10-20 	48.01	53.28	48	53.14	9.07 	10.84 	71,739,215	3,657,837,200
2015-10-21 	52	52.66	47.83	47.83	-9.99 	9.09 	88,505,183	4,434,988,800
2015-10-22 	47.55	50.18	47.37	49.79	4.10 	5.87 	70,004,160	3,421,466,800
2015-10-23 	49.1	50.6	47.55	49.11	-1.37 	6.13 	60,512,329	2,985,258,900
2015-10-26 	49.98	50.8	48.2	50.32	2.46 	5.29 	57,087,621	2,828,234,200
2015-10-27 	49.2	53.3	47.52	51.4	2.15 	11.49 	74,247,351	3,752,182,600
2015-10-28 	51.65	52.7	48.5	48.83	-5.00 	8.17 	59,215,184	2,979,963,800
2015-10-29 	49.7	50.01	47.8	48.52	-0.63 	4.53 	44,485,824	2,176,559,100
2015-10-30 	48	49.2	47.01	47.85	-1.38 	4.51 	35,123,990	1,693,119,200
2015-11-02 	46.46	49.8	46	48.5	1.36 	7.94 	46,506,450	2,236,971,300
2015-11-03 	48.6	50.48	47.71	49.37	1.79 	5.71 	51,191,776	2,525,551,600
2015-11-04 	49.7	52.3	49	51.84	5.00 	6.68 	64,178,891	3,280,372,600
2015-11-05 	51.49	53.29	49.88	50.37	-2.84 	6.58 	85,270,163	4,367,337,300
2015-11-06 	50.03	55.02	50.03	53.16	5.54 	9.91 	86,622,772	4,593,432,600
2015-11-09 	52.5	57.39	51.41	55	3.46 	11.25 	85,220,186	4,621,413,600
2015-11-10 	54.5	57.57	53.65	54.61	-0.71 	7.13 	59,453,027	3,287,298,500
2015-11-11 	54.4	56.44	53.66	54.58	-0.05 	5.09 	48,125,527	2,632,183,900
2015-11-12 	54.88	54.99	52.03	52.21	-4.34 	5.42 	67,643,494	3,581,827,600
2015-11-13 	51.3	52.17	50.01	50.71	-2.87 	4.14 	41,817,892	2,134,219,300
2015-11-16 	49.1	52.02	49.02	51.88	2.31 	5.92 	38,653,424	1,961,377,600
2015-11-17 	52.5	52.86	49.87	50	-3.62 	5.76 	48,052,213	2,465,223,400
2015-11-18 	50.5	52.21	49.6	50.4	0.80 	5.22 	41,450,623	2,112,524,000
2015-11-19 	51	53.88	50.98	53.49	6.13 	5.75 	60,759,497	3,184,258,100
2015-11-20 	53.9	53.9	51.1	51.75	-3.25 	5.23 	60,715,091	3,169,591,600
2015-11-23 	51.76	52.8	50.6	50.76	-1.91 	4.25 	36,515,643	1,883,334,400
2015-11-24 	50.6	52.88	50.33	52.45	3.33 	5.02 	43,659,481	2,265,139,100
2015-11-25 	52.46	53.83	51.6	53.08	1.20 	4.25 	51,747,562	2,732,758,500
2015-11-26 	52.58	53.39	51.01	51.51	-2.96 	4.48 	39,308,505	2,047,629,500
2015-11-27 	51.45	53.68	49.23	50.01	-2.91 	8.64 	56,359,361	2,924,863,800
2015-11-30 	50.5	50.97	45.87	48.5	-3.02 	10.20 	50,077,340	2,413,520,300
2015-12-01 	48.57	50.22	47.9	48.85	0.72 	4.78 	31,133,963	1,523,210,300
2015-12-02 	48.25	49.2	46.95	48.87	0.04 	4.61 	26,202,611	1,263,787,960
2015-12-03 	49.55	53.76	49.02	53.76	10.01 	9.70 	55,862,400	2,903,310,600
2015-12-04 	55.2	59.14	54.21	58.8	9.38 	9.17 	149,290,340	8,627,310,900
