时间	开盘	最高	最低	收盘	涨幅	振幅	总手	金额
2012-02-01 	16.61	16.77	15.46	15.65	4.33 	8.73 	12,481,274	198,773,980
2012-02-02 	16	16.27	15.65	16	2.24 	3.96 	8,026,537	128,176,394
2012-02-03 	15.92	16.2	15.63	16.19	1.19 	3.56 	7,519,042	119,635,438
2012-02-06 	16.1	16.44	15.87	16.06	-0.80 	3.52 	6,702,371	107,946,765
2012-02-07 	16.33	16.58	15.61	15.7	-2.24 	6.04 	6,389,012	103,013,617
2012-02-08 	15.3	15.65	14.75	15.6	-0.64 	5.73 	6,664,360	101,146,100
2012-02-09 	15.3	15.8	15.26	15.61	0.06 	3.46 	4,513,969	70,145,173
2012-02-10 	15.52	15.66	15.38	15.5	-0.70 	1.79 	3,133,895	48,591,868
2012-02-13 	15.62	15.87	15.46	15.77	1.74 	2.65 	4,426,311	69,655,401
2012-02-14 	15.65	16.13	15.65	15.79	0.13 	3.04 	3,593,970	57,087,308
2012-02-15 	15.71	15.97	15.58	15.94	0.95 	2.47 	3,562,757	56,308,445
2012-02-16 	15.88	16.25	15.65	15.77	-1.07 	3.76 	3,246,016	51,618,158
2012-02-17 	15.72	16.1	15.72	15.8	0.19 	2.41 	2,364,720	37,536,319
2012-02-20 	15.92	17	15.82	16.51	4.49 	7.47 	6,283,740	103,582,170
2012-02-21 	16.36	16.6	16.07	16.6	0.55 	3.21 	3,777,483	61,803,097
2012-02-22 	16.51	16.98	16.45	16.9	1.81 	3.19 	4,674,510	78,340,553
2012-02-23 	17.13	17.37	16.58	16.69	-1.24 	4.67 	3,910,212	66,121,691
2012-02-24 	16.7	16.88	16.5	16.83	0.84 	2.28 	3,341,488	55,678,940
2012-02-27 	16.83	17.25	16.58	16.73	-0.59 	3.98 	3,567,864	60,210,410
2012-02-28 	16.73	17.18	16.54	17.04	1.85 	3.83 	3,275,045	55,317,342
2012-02-29 	17.2	17.38	16.32	16.37	-3.93 	6.22 	3,373,481	56,688,776
2012-03-01 	16.3	16.72	16.21	16.5	0.79 	3.12 	2,359,820	38,806,591
2012-03-02 	16.65	17.3	16.52	17.03	3.21 	4.73 	2,937,347	49,710,712
2012-03-05 	17.1	17.5	16.87	17.13	0.59 	3.70 	3,491,261	59,882,227
2012-03-06 	17.15	17.15	16.56	16.68	-2.63 	3.44 	2,552,828	42,797,388
2012-03-08 	16.91	17.83	16.82	17.34	3.96 	6.06 	4,029,088	69,632,903
2012-03-09 	17.26	17.66	17.21	17.58	1.38 	2.60 	3,267,112	56,967,237
2012-03-12 	17.6	17.75	17.2	17.54	-0.23 	3.13 	2,575,754	44,966,724
2012-03-13 	17.47	17.9	17.41	17.68	0.80 	2.79 	2,415,561	42,687,890
2012-03-14 	17.8	17.93	16.28	16.48	-6.79 	9.33 	3,697,444	63,885,353
2012-03-15 	16.5	16.94	16.39	16.67	1.15 	3.34 	2,148,829	35,762,932
2012-03-16 	16.7	17.05	16.55	16.99	1.92 	3.00 	1,766,906	29,699,584
2012-03-19 	16.87	17.19	16.81	17.11	0.71 	2.24 	1,180,227	20,139,297
2012-03-20 	17.08	17.37	16.66	16.66	-2.63 	4.15 	1,598,486	27,270,168
2012-03-21 	16.8	16.8	15.51	15.83	-4.98 	7.74 	2,310,549	37,218,419
2012-03-22 	15.52	15.75	15.31	15.49	-2.15 	2.78 	2,134,710	33,097,225
2012-03-23 	15.4	15.57	15.11	15.18	-2.00 	2.97 	1,484,551	22,802,027
2012-03-26 	15.2	15.37	15.1	15.3	0.79 	1.78 	982,234	14,981,874
2012-03-27 	15.41	15.49	15.13	15.15	-0.98 	2.35 	1,002,731	15,338,940
2012-03-28 	15.01	15.1	14.1	14.1	-6.93 	6.60 	1,815,978	26,477,025
2012-03-29 	14.08	14.44	14.02	14.11	0.07 	2.98 	1,579,046	22,493,116
2012-03-30 	14.22	14.3	13.99	14.09	-0.14 	2.20 	959,402	13,525,955
2012-04-05 	14.18	14.54	14.03	14.46	2.63 	3.62 	1,177,342	16,842,047
2012-04-06 	14.38	14.7	14.33	14.57	0.76 	2.56 	1,089,716	15,851,181
2012-04-09 	14.48	14.55	14.18	14.2	-2.54 	2.54 	662,867	9,548,248
2012-04-10 	14.19	14.65	13.71	14.61	2.89 	6.62 	1,320,263	18,728,482
2012-04-11 	14.39	14.62	14.25	14.49	-0.82 	2.53 	870,943	12,586,305
2012-04-12 	14.57	14.74	14.35	14.71	1.52 	2.69 	1,215,463	17,732,739
2012-04-13 	14.68	14.89	14.61	14.78	0.48 	1.90 	1,358,484	20,045,616
2012-04-16 	14.74	14.74	14.52	14.69	-0.61 	1.49 	849,908	12,428,665
2012-04-17 	14.61	14.67	14.41	14.47	-1.50 	1.77 	660,813	9,597,126
2012-04-19 	14.65	14.81	14.6	14.69	1.52 	1.45 	1,258,951	18,523,413
2012-04-20 	14.6	14.81	14.52	14.76	0.48 	1.97 	1,060,786	15,618,059
2012-04-23 	14.67	14.67	13.75	13.76	-6.78 	6.23 	1,674,017	23,580,710
2012-04-24 	13.62	13.92	13.22	13.52	-1.74 	5.09 	995,020	13,476,012
2012-04-25 	13.3	13.55	13.28	13.49	-0.22 	2.00 	697,591	9,327,766
2012-04-26 	13.48	13.49	13.28	13.36	-0.96 	1.56 	508,950	6,808,570
2012-04-27 	13.36	13.95	13.36	13.62	1.95 	4.42 	572,655	7,792,856
2012-05-02 	13.93	13.94	13.56	13.66	0.29 	2.79 	1,004,272	13,757,260
2012-05-03 	13.64	13.74	13.48	13.74	0.59 	1.90 	1,160,792	15,812,907
2012-05-04 	13.8	13.96	13.73	13.96	1.60 	1.67 	1,544,099	21,377,269
2012-05-07 	13.88	14.09	13.82	14.08	0.86 	1.93 	1,303,974	18,221,336
2012-05-08 	14.06	14.08	13.91	13.99	-0.64 	1.21 	1,016,437	14,216,188
2012-05-09 	13.93	13.93	13.52	13.55	-3.15 	2.93 	966,470	13,270,164
2012-05-10 	13.58	13.88	13.56	13.74	1.40 	2.36 	569,993	7,832,294
2012-05-11 	13.82	13.82	13.55	13.55	-1.38 	1.97 	477,751	6,516,390
2012-05-14 	13.73	13.75	13.44	13.45	-0.74 	2.29 	612,040	8,323,041
2012-05-15 	13.31	13.55	13.3	13.54	0.67 	1.86 	583,315	7,852,776
2012-05-16 	13.5	13.73	13.48	13.48	-0.44 	1.85 	523,924	7,119,043
2012-05-17 	13.5	13.85	13.48	13.77	2.15 	2.74 	799,601	10,945,655
2012-05-18 	13.7	14.47	13.65	13.95	1.31 	5.95 	2,462,837	34,762,164
2012-05-21 	13.89	14.07	13.74	13.91	-0.29 	2.37 	1,049,925	14,590,462
2012-05-22 	13.93	14.02	13.81	13.92	0.07 	1.51 	683,056	9,511,724
2012-05-23 	13.88	13.93	13.4	13.5	-3.02 	3.81 	977,023	13,304,701
2012-05-24 	13.48	13.62	13.42	13.5	0.00 	1.48 	447,733	6,056,681
2012-05-25 	13.48	13.58	13.18	13.2	-2.22 	2.96 	579,101	7,736,258
2012-05-28 	13.23	13.23	12.86	13.19	-0.08 	2.80 	630,482	8,211,350
2012-05-29 	13.17	13.39	13.08	13.3	0.83 	2.35 	640,578	8,518,003
2012-05-30 	13.33	13.45	13.22	13.36	0.45 	1.73 	380,076	5,066,830
2012-05-31 	13.31	13.65	13.16	13.49	0.97 	3.67 	660,211	8,893,761
2012-06-01 	13.49	13.64	13.32	13.43	-0.44 	2.37 	488,609	6,589,963
2012-06-04 	13.23	13.3	13.05	13.06	-2.76 	1.86 	575,489	7,554,482
2012-06-05 	13.15	13.16	12.96	13	-0.46 	1.53 	230,463	3,004,510
2012-06-06 	13.1	13.14	12.92	12.96	-0.31 	1.69 	325,611	4,241,972
2012-06-07 	13.07	13.11	12.93	12.98	0.15 	1.39 	258,600	3,370,702
2012-06-08 	13.11	13.18	12.99	13.18	1.54 	1.46 	406,029	5,313,718
2012-06-11 	13.2	13.55	13.14	13.46	2.12 	3.11 	883,399	11,846,082
2012-06-12 	13.35	13.5	13.3	13.42	-0.30 	1.49 	403,080	5,400,347
2012-06-13 	13.3	13.55	13.3	13.49	0.52 	1.86 	517,881	6,968,119
2012-06-14 	13.51	13.94	13.51	13.6	0.82 	3.19 	1,665,098	22,951,249
2012-06-15 	13.65	14.19	13.65	14.06	3.38 	3.97 	1,854,263	25,808,617
2012-06-18 	14.09	14.8	14.09	14.79	5.19 	5.05 	3,313,123	48,143,711
2012-06-19 	15	15.15	14.85	15.02	1.56 	2.03 	2,265,528	34,003,455
2012-06-20 	15	15.35	14.91	15.15	0.87 	2.93 	1,303,121	19,778,771
2012-06-21 	15.05	15.36	14.86	15.15	0.00 	3.30 	1,229,459	18,546,168
2012-06-25 	15.12	15.32	14.82	14.84	-2.05 	3.30 	1,211,139	18,158,218
2012-06-26 	14.82	14.9	14.45	14.76	-0.54 	3.03 	1,149,039	16,781,903
2012-06-27 	14.75	15.99	14.75	15.74	6.64 	8.40 	1,351,109	20,950,289
2012-06-28 	15.8	16.08	15.45	15.6	-0.89 	4.00 	873,263	13,836,460
2012-06-29 	15.46	16.05	15.46	15.9	1.92 	3.78 	1,378,489	21,960,166
2012-07-02 	16.05	16.57	15.95	16.56	4.15 	3.90 	712,488	11,616,897
2012-07-03 	16.5	17.24	16.5	16.94	2.29 	4.47 	1,244,311	21,224,160
2012-07-04 	16.93	17.19	16.66	16.99	0.30 	3.13 	828,558	14,035,789
2012-07-05 	16.87	17.08	16.4	16.53	-2.71 	4.00 	422,506	7,049,010
2012-07-06 	16.47	16.97	16.41	16.89	2.18 	3.39 	447,691	7,487,624
2012-07-09 	16.92	17.25	16.4	16.4	-2.90 	5.03 	438,598	7,315,263
2012-07-10 	16.26	16.65	16.19	16.32	-0.49 	2.80 	326,090	5,342,230
2012-07-11 	16.15	16.4	15.7	15.9	-2.57 	4.29 	577,716	9,228,065
2012-07-12 	15.96	16.5	15.86	16.39	3.08 	4.03 	362,492	5,879,393
2012-07-13 	16.1	17.03	16.1	16.59	1.22 	5.67 	667,151	11,164,686
2012-07-16 	16.41	16.54	15.61	16.15	-2.65 	5.61 	446,407	7,133,035
2012-07-17 	16.1	16.2	15.76	15.9	-1.55 	2.72 	258,000	4,122,317
2012-07-18 	15.6	16.1	15.5	16.09	1.19 	3.77 	182,504	2,893,616
2012-07-19 	16.17	17.33	16.05	17.28	7.40 	7.96 	608,264	10,292,167
2012-07-20 	17.48	18.25	17.01	17.16	-0.69 	7.18 	949,160	16,784,587
2012-07-23 	16.8	17.77	16.8	17.28	0.70 	5.65 	543,357	9,348,818
2012-07-24 	17.09	17.45	17.09	17.35	0.41 	2.08 	375,915	6,494,990
2012-07-25 	17.35	18.08	17.08	17.6	1.44 	5.76 	567,276	10,082,047
2012-07-26 	17.62	18	17.15	17.33	-1.53 	4.83 	438,997	7,657,587
2012-07-27 	17.3	17.9	17	17.13	-1.15 	5.19 	310,371	5,396,603
2012-07-30 	17.25	17.38	16.92	17.14	0.06 	2.69 	286,801	4,917,401
2012-07-31 	17.14	17.14	16.32	16.8	-1.98 	4.78 	327,857	5,487,362
2012-08-01 	16.7	17.5	16.7	17.24	2.62 	4.76 	215,701	3,714,930
2012-08-02 	17.46	17.48	17.17	17.4	0.93 	1.80 	218,724	3,780,057
2012-08-03 	17.56	18.19	17.3	18.19	4.54 	5.11 	678,201	12,131,129
2012-08-06 	17.92	18.8	17.88	18.6	2.25 	5.06 	502,590	9,236,086
2012-08-07 	18.58	19	18.4	18.95	1.88 	3.23 	405,078	7,613,781
2012-08-08 	18.7	19	18.6	18.71	-1.27 	2.11 	386,361	7,250,702
2012-08-09 	18.7	18.97	18.56	18.97	1.39 	2.19 	209,807	3,940,039
2012-08-10 	18.95	19.45	18.75	18.91	-0.32 	3.69 	239,147	4,514,793
2012-08-13 	19.18	19.44	18.63	18.9	-0.05 	4.28 	349,974	6,607,906
2012-08-14 	18.41	19.09	18.26	19	0.53 	4.39 	312,434	5,842,327
2012-08-15 	18.75	19.05	18.13	18.7	-1.58 	4.84 	506,143	9,483,261
2012-08-16 	18.52	19.35	18.5	18.81	0.59 	4.55 	383,517	7,252,561
2012-08-17 	18.58	19.29	18.58	18.9	0.48 	3.77 	284,503	5,348,173
2012-08-20 	18.71	19.15	18.65	19.15	1.32 	2.65 	175,800	3,328,009
2012-08-21 	19.05	21.07	18.88	21.07	10.03 	11.44 	1,315,930	27,442,937
2012-08-22 	21.94	22.98	21.7	22.98	9.07 	6.07 	1,944,741	43,438,694
2012-08-23 	22.64	22.97	21.85	22.41	-2.48 	4.87 	1,494,652	33,355,171
2012-08-24 	22.16	22.25	20.68	20.92	-6.65 	7.01 	1,310,419	28,276,192
2012-08-27 	20.77	21.39	20.7	20.71	-1.00 	3.30 	798,298	16,886,097
2012-08-28 	20.71	21.66	20.58	21.53	3.96 	5.21 	611,046	12,968,150
2012-08-29 	21.4	21.55	20.6	20.83	-3.25 	4.41 	1,076,523	22,684,960
2012-08-30 	20.48	20.85	18.98	19.5	-6.39 	8.98 	928,863	18,504,391
2012-08-31 	19.6	19.88	19.31	19.79	1.49 	2.92 	412,470	8,099,032
2012-09-03 	19.43	20.28	19.43	20.06	1.36 	4.30 	514,853	10,329,817
2012-09-04 	20.06	21.23	20.06	20.5	2.19 	5.83 	1,000,480	20,817,611
2012-09-05 	20.22	20.58	19.71	19.75	-3.66 	4.24 	735,304	14,836,448
2012-09-06 	19.15	19.65	18.3	19.37	-1.92 	6.84 	2,285,212	43,606,162
2012-09-07 	19.1	19.98	18.65	19.85	2.48 	6.87 	2,866,760	54,998,544
2012-09-10 	19.49	20.1	19.37	19.65	-1.01 	3.68 	1,441,948	28,422,061
2012-09-11 	19.61	20.96	19.48	20.52	4.43 	7.53 	2,035,586	41,592,730
2012-09-12 	20.56	20.68	19.68	19.92	-2.92 	4.87 	996,058	19,984,557
2012-09-13 	19.88	20.11	19.28	19.28	-3.21 	4.17 	683,735	13,512,206
2012-09-14 	19.29	19.98	18.72	19.84	2.90 	6.54 	594,212	11,562,315
2012-09-17 	19.8	19.8	19.09	19.09	-3.78 	3.58 	396,651	7,688,559
2012-09-18 	18.68	19.6	18.51	19.18	0.47 	5.71 	713,226	13,571,377
2012-09-19 	19.4	19.4	18.55	18.96	-1.15 	4.43 	465,682	8,794,228
2012-09-20 	18.9	19	18.47	18.49	-2.48 	2.80 	609,691	11,347,445
2012-09-21 	18.11	18.72	17.55	17.55	-5.08 	6.33 	235,490	4,294,137
2012-09-24 	17.11	17.88	17.11	17.32	-1.31 	4.39 	380,652	6,626,564
2012-09-25 	17.11	17.37	16.33	16.7	-3.58 	6.00 	384,850	6,538,108
2012-09-26 	16.62	16.76	16.07	16.19	-3.05 	4.13 	608,658	9,959,823
2012-09-27 	16.66	16.77	16.19	16.7	3.15 	3.58 	983,491	16,170,905
2012-09-28 	16.71	17.4	16.48	17.35	3.89 	5.51 	453,617	7,694,689
2012-10-08 	17.35	17.35	16.3	16.6	-4.32 	6.05 	1,892,208	31,265,289
2012-10-09 	16.69	17.49	16.56	17.24	3.86 	5.60 	791,453	13,460,041
2012-10-10 	17.34	18.25	17.02	18.25	5.86 	7.13 	1,253,396	22,175,386
2012-10-11 	18.25	18.25	17.4	17.68	-3.12 	4.66 	747,545	13,253,613
2012-10-12 	17.93	18	17.2	17.51	-0.96 	4.52 	394,384	6,891,964
2012-10-15 	17.64	17.78	16.4	16.75	-4.34 	7.88 	995,726	16,532,109
2012-10-16 	16.49	17.2	16.49	16.73	-0.12 	4.24 	292,590	4,942,990
2012-10-17 	16.58	16.93	16.58	16.8	0.42 	2.09 	308,348	5,165,251
2012-10-18 	16.89	17.3	16.88	17.11	1.85 	2.50 	401,986	6,863,979
2012-10-19 	17.04	17.29	16.99	17.03	-0.47 	1.75 	233,090	3,995,875
2012-10-22 	17.69	18.73	17.53	17.78	4.40 	7.05 	1,453,548	25,946,690
2012-10-23 	17.65	17.76	17.39	17.74	-0.22 	2.08 	634,379	11,188,287
2012-10-24 	17.51	17.92	17.51	17.67	-0.39 	2.31 	393,608	6,939,337
2012-10-25 	17.58	17.6	17.08	17.28	-2.21 	2.94 	419,206	7,275,755
2012-10-26 	17.11	17.56	17.02	17.46	1.04 	3.13 	504,083	8,711,093
2012-10-29 	17.31	18.04	17.24	17.8	1.95 	4.58 	396,067	7,018,853
2012-10-30 	17.76	17.99	17.65	17.82	0.11 	1.91 	257,057	4,584,053
2012-10-31 	17.66	17.77	17.38	17.7	-0.67 	2.19 	224,054	3,942,339
2012-11-01 	17.8	18.25	17.55	18.2	2.82 	3.95 	750,739	13,535,616
2012-11-02 	18.2	18.38	17.91	18.09	-0.60 	2.58 	527,206	9,546,698
2012-11-05 	18.05	18.3	17.8	17.9	-1.05 	2.76 	442,925	8,004,488
2012-11-06 	18.08	18.33	17.84	17.95	0.28 	2.74 	413,042	7,437,461
2012-11-07 	17.99	18.99	17.81	18.63	3.79 	6.57 	883,439	16,364,995
2012-11-08 	18.42	18.72	17.7	17.79	-4.51 	5.48 	395,132	7,200,061
2012-11-09 	17.62	17.85	16.9	16.95	-4.72 	5.34 	437,619	7,536,157
2012-11-12 	17	17.18	16.9	17.04	0.53 	1.65 	210,711	3,586,164
2012-11-13 	17.05	17.06	16.05	16.07	-5.69 	5.93 	1,580,165	25,624,127
2012-11-14 	16.1	16.1	15.42	16.01	-0.37 	4.23 	569,916	8,981,155
2012-11-15 	15.98	16.04	15.4	15.5	-3.19 	4.00 	402,414	6,317,616
2012-11-16 	15.37	16.29	15.37	16.12	4.00 	5.94 	171,669	2,718,963
2012-11-19 	16.1	16.1	15.72	15.89	-1.43 	2.36 	378,412	5,998,164
2012-11-20 	15.75	16.1	15.73	15.96	0.44 	2.33 	187,090	2,997,749
2012-11-21 	15.89	16.19	15.7	16.17	1.32 	3.07 	164,343	2,617,849
2012-11-22 	16.23	16.7	16.05	16.17	0.00 	4.02 	262,635	4,295,858
2012-11-23 	16.2	16.2	15.83	15.86	-1.92 	2.29 	259,400	4,141,047
2012-11-26 	15.86	16	15.52	15.6	-1.64 	3.03 	110,210	1,743,672
2012-11-27 	15.42	15.7	15.21	15.45	-0.96 	3.14 	187,419	2,921,449
2012-11-28 	15.18	15.47	15.18	15.3	-0.97 	1.88 	67,700	1,043,089
2012-11-29 	15.31	15.33	14.9	14.99	-2.03 	2.81 	50,699	768,354
2012-11-30 	14.6	15.65	14.6	15.26	1.80 	7.00 	66,700	1,013,662
2012-12-03 	15	15.35	14.43	14.43	-5.44 	6.03 	65,100	966,347
2012-12-04 	14.3	15.41	14.05	15.39	6.65 	9.42 	233,024	3,457,002
2012-12-05 	15.24	15.77	15.1	15.67	1.82 	4.35 	390,646	6,089,061
2012-12-06 	15.78	15.78	15.21	15.45	-1.40 	3.64 	149,799	2,305,666
2012-12-07 	15.31	15.72	15.31	15.64	1.23 	2.65 	198,044	3,091,363
2012-12-10 	15.71	16	15.56	15.96	2.05 	2.81 	379,391	6,003,406
2012-12-11 	15.75	15.99	15.65	15.86	-0.63 	2.13 	232,553	3,679,292
2012-12-12 	15.8	15.94	15.4	15.89	0.19 	3.40 	190,249	2,979,726
2012-12-13 	15.88	16.52	15.55	15.9	0.06 	6.10 	209,506	3,355,025
2012-12-14 	15.7	16.73	15.7	16.4	3.14 	6.48 	549,148	8,956,217
2012-12-17 	16.39	16.48	15.55	16.16	-1.46 	5.67 	362,251	5,823,835
2012-12-18 	15.88	16.14	15.5	15.99	-1.05 	3.96 	229,022	3,630,587
2012-12-19 	15.6	16.16	15.6	15.86	-0.81 	3.50 	330,965	5,252,307
2012-12-20 	15.65	17.18	15.65	17.02	7.31 	9.65 	746,163	12,365,891
2012-12-21 	16.96	17.4	16.66	17.4	2.23 	4.35 	1,088,162	18,537,693
2012-12-24 	17.4	17.83	17.15	17.5	0.57 	3.91 	573,621	10,010,273
2012-12-25 	17.31	17.99	17.31	17.64	0.80 	3.89 	553,357	9,794,364
2012-12-26 	17.64	18.36	17.5	18.28	3.63 	4.88 	971,136	17,492,249
2012-12-27 	18.2	18.48	17.12	17.15	-6.18 	7.44 	1,294,254	22,874,419
2012-12-28 	17.13	17.93	16.8	17.58	2.51 	6.59 	1,351,351	23,524,394
2012-12-31 	17.59	18.76	17.59	17.88	1.71 	6.66 	2,067,100	37,851,508
2013-01-04 	17.88	18.17	17	17.3	-3.24 	6.54 	1,305,766	22,663,751
2013-01-07 	17.3	17.85	17.22	17.44	0.81 	3.64 	1,482,574	25,936,926
2013-01-08 	17.47	18.2	17.46	18.15	4.07 	4.24 	1,669,048	29,777,549
2013-01-09 	17.95	17.95	17.5	17.74	-2.26 	2.48 	2,792,954	49,243,283
2013-01-10 	17.77	17.85	17.37	17.61	-0.73 	2.71 	1,153,733	20,366,309
2013-01-11 	17.67	18.47	17.67	18.13	2.95 	4.54 	2,591,036	46,993,695
2013-01-14 	18.24	19.55	18.14	19.16	5.68 	7.78 	2,251,609	42,490,234
2013-01-15 	19	19.75	19	19.51	1.83 	3.91 	1,648,079	31,999,202
2013-01-16 	19.45	19.95	18.9	19.57	0.31 	5.38 	1,279,237	25,036,962
2013-01-17 	19.5	19.56	18.75	19.35	-1.12 	4.14 	1,429,219	27,286,002
2013-01-18 	19.08	19.4	18.7	19.35	0.00 	3.62 	1,106,170	21,093,413
2013-01-21 	19.35	19.35	18.8	19.14	-1.09 	2.84 	679,822	12,937,795
2013-01-22 	19.15	19.15	18.63	18.96	-0.94 	2.72 	431,216	8,121,170
2013-01-23 	18.61	19.19	18.61	18.98	0.11 	3.06 	506,946	9,520,583
2013-01-24 	18.86	19.08	18	18.68	-1.58 	5.69 	963,414	17,739,656
2013-01-25 	18.77	18.77	18.02	18.5	-0.96 	4.01 	353,985	6,489,745
2013-01-28 	18.5	18.71	18.26	18.5	0.00 	2.43 	1,964,639	36,383,370
2013-01-29 	18.68	19.2	18.34	19.14	3.46 	4.65 	1,811,744	33,881,775
2013-01-30 	18.98	19.95	18.81	19.37	1.20 	5.96 	2,109,036	40,984,070
2013-01-31 	19.34	19.34	18.82	18.99	-1.96 	2.68 	1,069,056	20,311,964
2013-02-01 	18.95	18.95	18.53	18.72	-1.42 	2.21 	705,471	13,191,677
2013-02-04 	18.77	19.1	18.29	18.4	-1.71 	4.33 	664,464	12,339,747
2013-02-05 	18.1	19.1	18.1	19.09	3.75 	5.43 	675,416	12,678,192
2013-02-06 	19.08	19.08	18.66	18.88	-1.10 	2.20 	1,274,959	24,023,932
2013-02-07 	18.8	18.92	18.5	18.78	-0.53 	2.22 	793,712	14,834,487
2013-02-08 	18.93	19.4	18.78	19.2	2.24 	3.30 	1,816,171	34,620,091
2013-02-18 	19.3	20.88	19.16	20.5	6.77 	8.96 	3,381,392	67,835,619
2013-02-19 	20.49	21.65	20.4	21.56	5.17 	6.10 	3,240,269	68,485,418
2013-02-20 	21.56	22.68	21.03	22.51	4.41 	7.65 	2,036,679	44,583,973
2013-02-21 	22.2	22.88	21.7	22.66	0.67 	5.24 	2,283,356	50,514,245
2013-02-22 	21.78	22.97	21.76	22.4	-1.15 	5.34 	1,431,600	32,551,844
2013-02-25 	22.2	23.49	22.2	22.96	2.50 	5.76 	1,265,796	29,136,909
2013-02-26 	23	23.55	22.5	23	0.17 	4.57 	1,744,368	40,359,729
2013-02-27 	22.89	23.4	22.2	22.85	-0.65 	5.22 	908,193	20,697,128
2013-02-28 	22.8	23.05	22.42	22.98	0.57 	2.76 	674,702	15,358,960
2013-03-01 	22.99	24.55	22.68	24.19	5.27 	8.14 	997,866	23,858,113
2013-03-04 	24.18	24.96	23.5	23.89	-1.24 	6.04 	1,201,523	29,067,807
2013-03-05 	23.79	25.41	23.75	25.39	6.28 	6.95 	1,529,302	37,839,229
2013-03-06 	25.48	26.22	24.91	25.4	0.04 	5.16 	955,924	24,204,735
2013-03-07 	25	25.93	24.65	24.78	-2.44 	5.04 	1,137,039	28,591,098
2013-03-08 	24.23	25.27	24.23	24.25	-2.14 	4.20 	701,402	17,284,993
2013-03-11 	24	24.5	23.6	23.82	-1.77 	3.71 	522,600	12,523,216
2013-03-12 	23.99	24.16	22.82	23.26	-2.35 	5.63 	678,943	15,748,513
2013-03-13 	23.27	23.5	22.58	23.28	0.09 	3.96 	440,717	10,171,763
2013-03-14 	23.5	23.88	22.98	23.8	2.23 	3.87 	599,498	14,163,837
2013-03-15 	23.45	25.18	23.45	24.98	4.96 	7.27 	992,742	24,528,783
2013-03-18 	24.62	25.84	23.81	24.37	-2.44 	8.13 	736,200	18,168,841
2013-03-19 	24.03	24.31	22.81	23.49	-3.61 	6.16 	734,889	17,125,664
2013-03-20 	23.49	24.35	23.3	24.3	3.45 	4.47 	558,467	13,390,829
2013-03-21 	24.25	25.35	24.25	24.99	2.84 	4.53 	556,887	13,910,592
2013-03-22 	24.81	25.5	24.81	25.24	1.00 	2.76 	596,369	15,036,390
2013-03-25 	25.24	25.67	24.88	25.4	0.63 	3.13 	716,418	18,034,377
2013-03-26 	25	27.1	25	26.26	3.39 	8.27 	1,013,398	26,654,346
2013-03-27 	25.88	27.44	25.81	26.81	2.09 	6.21 	726,337	19,519,542
2013-03-28 	26.36	27.24	25.52	26	-3.02 	6.42 	706,340	18,535,942
2013-03-29 	25.98	26.58	25.6	26.17	0.65 	3.77 	223,550	5,839,111
2013-04-01 	26.2	26.99	26.1	26.99	3.13 	3.40 	440,201	11,762,969
2013-04-02 	27	27.16	25.37	25.37	-6.00 	6.63 	946,650	24,798,699
2013-04-03 	25.37	25.67	24.5	24.85	-2.05 	4.61 	554,484	13,776,949
2013-04-08 	24.29	25.45	24	25.2	1.41 	5.84 	608,201	15,010,266
2013-04-09 	25.25	25.42	24.11	24.66	-2.14 	5.20 	674,700	16,518,048
2013-04-10 	24.3	24.87	24.3	24.79	0.53 	2.31 	803,330	19,840,391
2013-04-11 	24.9	25.63	24.72	25.63	3.39 	3.67 	622,112	15,762,116
2013-04-12 	25.63	26.54	25.2	25.38	-0.98 	5.23 	389,786	9,988,211
2013-04-15 	24.55	25.69	24.4	25.6	0.87 	5.08 	335,302	8,542,066
2013-04-16 	25.59	25.98	25.12	25.75	0.59 	3.36 	528,934	13,489,861
2013-04-17 	25.9	26.82	25.52	26.82	4.16 	5.05 	738,228	19,390,005
2013-04-18 	26.5	27.4	26.3	26.83	0.04 	4.10 	570,254	15,345,297
2013-04-19 	26.88	27.56	26.56	27.46	2.35 	3.73 	1,033,926	28,136,017
2013-04-22 	27.55	27.8	26.9	27.8	1.24 	3.28 	1,154,657	31,609,072
2013-04-23 	27.72	27.76	26.74	27.08	-2.59 	3.67 	625,785	16,962,055
2013-04-24 	25.66	28.97	25.66	28.04	3.55 	12.22 	814,537	22,757,496
2013-04-25 	28	28.3	25.59	25.9	-7.63 	9.66 	1,475,507	40,215,819
2013-04-26 	26	26.18	24.65	25.9	0.00 	5.91 	1,589,373	40,344,796
2013-05-02 	25.35	26.8	25.35	26.73	3.20 	5.60 	517,155	13,633,093
2013-05-03 	26.71	27.34	26.55	26.92	0.71 	2.96 	698,325	18,857,914
2013-05-06 	26.98	28.25	26.78	27.78	3.19 	5.46 	1,334,030	37,168,825
2013-05-07 	28.02	28.2	27.4	28	0.79 	2.88 	1,280,398	35,575,404
2013-05-08 	27.99	29.38	27.99	28.4	1.43 	4.96 	1,526,196	43,729,665
2013-05-09 	28.06	28.7	27.54	28.3	-0.35 	4.08 	942,647	26,369,516
2013-05-10 	28.31	28.92	28.15	28.15	-0.53 	2.72 	774,575	22,095,601
2013-05-13 	28	29.98	27.85	29.94	6.36 	7.57 	1,471,026	42,990,599
2013-05-14 	29.77	29.88	29.1	29.7	-0.80 	2.61 	892,755	26,233,438
2013-05-15 	29.7	31.45	29.7	30.5	2.69 	5.89 	1,013,083	31,119,353
2013-05-16 	30.2	32.5	29.2	29.76	-2.43 	10.82 	1,795,923	54,922,347
2013-05-17 	29.36	30.99	28.72	30.95	4.00 	7.63 	1,394,442	42,084,399
2013-05-20 	30.96	33.6	30.95	33.5	8.24 	8.56 	1,493,906	49,136,939
2013-05-21 	33.5	34.34	32.62	33.7	0.60 	5.13 	1,194,910	39,882,478
2013-05-22 	33.69	33.69	31.7	33.3	-1.19 	5.91 	1,518,649	49,677,706
2013-05-23 	33.02	35.7	33.02	34.97	5.02 	8.05 	1,355,527	46,601,100
2013-05-27 	36.3	38.47	36.3	36.88	5.46 	6.21 	3,507,288	131,634,006
2013-05-28 	36.12	37.45	35.7	36.35	-1.44 	4.75 	1,569,138	57,165,728
2013-05-29 	36	36.11	35	35.91	-1.21 	3.05 	1,106,963	39,444,512
2013-05-30 	35.97	36.63	35.93	36.49	1.62 	1.95 	677,890	24,641,552
2013-05-31 	35.8	37	35.8	36.28	-0.58 	3.29 	1,074,680	38,982,485
2013-06-03 	36	36	33	33.2	-8.49 	8.27 	876,307	30,024,786
2013-06-04 	33.19	34.94	32.1	33.91	2.14 	8.55 	808,260	27,262,905
2013-06-05 	33.88	34.9	33.84	34.15	0.71 	3.13 	900,365	31,018,288
2013-06-06 	33.51	34.5	33.51	33.74	-1.20 	2.90 	540,115	18,414,995
2013-06-07 	33.77	34.28	32.25	33.53	-0.62 	6.02 	613,033	20,289,133
2013-06-13 	32.25	33.59	31.01	33.4	-0.39 	7.69 	665,655	21,731,493
2013-06-14 	33.27	35.5	33	35	4.79 	7.49 	1,484,927	51,249,606
2013-06-17 	35.12	37.29	34.3	35.39	1.11 	8.54 	1,827,602	66,185,286
2013-06-18 	35.01	36.28	34.31	36	1.72 	5.57 	861,804	30,355,524
2013-06-19 	35.7	36.57	35.11	35.86	-0.39 	4.06 	628,067	22,551,876
2013-06-20 	35.7	37.35	34.66	34.69	-3.26 	7.50 	1,176,833	42,965,483
2013-06-21 	33.2	35.48	31.3	35.06	1.07 	12.05 	953,912	31,806,409
2013-06-24 	34.5	34.9	32.88	33.2	-5.31 	5.76 	1,026,937	34,555,701
2013-06-25 	21.38	22.08	19.85	21.6	-34.94 	6.72 	1,885,746	39,068,777
2013-06-26 	21.12	23.6	21.12	23.6	9.26 	11.48 	2,582,435	58,448,341
2013-06-27 	23.75	25.25	22.79	23	-2.54 	10.42 	1,920,954	45,292,257
2013-06-28 	22.77	23.35	22.33	22.67	-1.43 	4.43 	952,252	21,788,912
2013-07-01 	22.67	24.87	22.67	24.86	9.66 	9.70 	2,383,300	57,293,175
2013-07-02 	24.86	26.22	24	25.97	4.47 	8.93 	3,908,686	100,998,891
2013-07-03 	25.89	26.65	25	26.26	1.12 	6.35 	2,134,194	55,657,704
2013-07-04 	26	26.7	25.6	26.25	-0.04 	4.19 	1,700,838	44,449,902
2013-07-05 	26.78	27.28	25.28	25.37	-3.35 	7.62 	1,784,426	46,785,512
2013-07-08 	24.7	24.7	23.6	23.89	-5.83 	4.34 	1,606,269	38,910,919
2013-07-09 	24	25.6	23.81	25	4.65 	7.49 	1,479,074	36,635,980
2013-07-10 	24.6	26.3	24.6	25.39	1.56 	6.80 	1,808,043	46,167,298
2013-07-11 	25.64	25.64	24.58	25	-1.54 	4.17 	1,786,530	44,546,635
2013-07-12 	24.8	27.5	24.8	27	8.00 	10.80 	3,207,516	84,757,480
2013-07-15 	27.03	29.19	27.01	28.92	7.11 	8.07 	2,847,476	81,444,839
2013-07-16 	28.85	28.85	27.87	28.55	-1.28 	3.39 	2,848,304	80,773,435
2013-07-17 	28.55	30.65	28	28.85	1.05 	9.28 	2,703,000	79,391,536
2013-07-18 	28.75	29.45	27.7	28.17	-2.36 	6.07 	2,649,962	76,266,791
2013-07-19 	28.4	29.85	27.88	29.19	3.62 	6.99 	2,722,672	79,446,511
2013-07-22 	28.97	31.19	28.61	30.99	6.17 	8.84 	2,255,788	68,223,094
2013-07-23 	31.25	32.4	30.6	31.88	2.87 	5.81 	2,049,481	64,489,361
2013-07-24 	31.41	32.99	31.41	32.04	0.50 	4.96 	1,988,645	64,313,086
2013-07-25 	31.79	32.85	28.84	30.51	-4.78 	12.52 	3,511,204	107,198,683
2013-07-26 	30.18	33.2	30	32.59	6.82 	10.49 	2,281,998	71,641,005
2013-07-29 	32.19	32.86	30.8	31.7	-2.73 	6.32 	1,357,691	43,486,815
2013-07-30 	31.94	32.29	29.6	31	-2.21 	8.49 	1,508,962	46,081,938
2013-07-31 	30.88	32	30.1	31.83	2.68 	6.13 	808,635	25,312,826
2013-08-01 	31.8	34.5	31.48	34.39	8.04 	9.49 	2,060,097	68,933,307
2013-08-02 	34.39	36.36	33.8	35.8	4.10 	7.44 	1,686,548	59,736,485
2013-08-05 	36	36.63	35	36.06	0.73 	4.55 	1,039,371	37,279,395
2013-08-06 	36.77	36.77	35.82	36.1	0.11 	2.63 	940,217	34,020,703
2013-08-07 	35.9	36	34	34.15	-5.40 	5.54 	1,507,320	52,367,982
2013-08-08 	34	34.5	32.8	33.66	-1.43 	4.98 	1,747,130	58,560,116
2013-08-09 	33.68	33.97	32	32.87	-2.35 	5.85 	1,020,692	33,671,954
2013-08-12 	32.87	32.95	31.05	31.9	-2.95 	5.78 	1,361,904	43,373,674
2013-08-13 	32.06	32.5	31.34	32.16	0.82 	3.64 	910,942	29,098,607
2013-08-14 	32.54	33.5	31.8	33.07	2.83 	5.29 	1,024,487	33,419,962
2013-08-15 	33.03	33.77	32.25	32.99	-0.24 	4.60 	1,006,353	33,400,056
2013-08-16 	32.69	32.69	31.2	31.4	-4.82 	4.52 	1,107,207	35,274,318
2013-08-19 	31	32.3	30.58	31.41	0.03 	5.48 	1,522,299	48,017,999
2013-08-20 	31.45	31.69	30.2	31.03	-1.21 	4.74 	1,220,098	37,866,993
2013-08-21 	30.81	31	30.19	30.42	-1.97 	2.61 	986,323	29,975,628
2013-08-22 	30.43	32.7	30.43	32	5.19 	7.46 	1,262,073	40,028,394
2013-08-23 	31.98	34.48	31.84	33.48	4.63 	8.25 	2,542,055	84,759,279
2013-08-26 	33.49	33.97	32.88	33.27	-0.63 	3.26 	1,105,897	36,924,942
2013-08-27 	33.27	33.4	32	33.3	0.09 	4.21 	969,733	31,656,237
2013-08-28 	33	33.43	32.2	32.39	-2.73 	3.69 	1,090,532	35,639,168
2013-08-29 	32.2	32.74	31.2	31.8	-1.82 	4.75 	598,470	18,947,924
2013-08-30 	31.89	31.89	30.12	30.2	-5.03 	5.57 	710,253	22,022,177
2013-09-02 	30.22	31.79	30	31.13	3.08 	5.93 	1,376,860	42,935,038
2013-09-03 	31	32.17	30.8	31.68	1.77 	4.40 	915,094	29,044,964
2013-09-04 	32	32.09	31.52	31.58	-0.32 	1.80 	611,941	19,402,695
2013-09-05 	31.38	32.05	31.01	31.8	0.70 	3.29 	1,152,974	36,444,616
2013-09-06 	31.97	32.16	31.17	32	0.63 	3.11 	714,056	22,625,394
2013-09-09 	32.19	32.19	30.82	30.88	-3.50 	4.28 	911,206	28,349,334
2013-09-10 	31	31.19	29.7	30.18	-2.27 	4.83 	917,995	27,727,350
2013-09-11 	29.8	31	28.5	30.85	2.22 	8.28 	1,589,536	46,419,769
2013-09-12 	30.5	31.49	29.72	30.67	-0.58 	5.74 	918,099	27,873,093
2013-09-13 	30.56	30.89	30.02	30.55	-0.39 	2.84 	644,637	19,647,174
2013-09-16 	30.5	31.52	30.4	31.39	2.75 	3.67 	1,153,724	35,933,637
2013-09-17 	31.39	32.58	31.01	31.4	0.03 	5.00 	1,590,270	50,697,040
2013-09-18 	31.2	31.75	30.5	31.39	-0.03 	3.98 	728,676	22,727,414
2013-09-23 	31.37	33.5	31	32.88	4.75 	7.96 	1,703,114	55,222,336
2013-09-24 	32.95	34	32.3	32.95	0.21 	5.17 	1,684,395	55,764,734
2013-09-25 	32.58	33.6	32.13	32.5	-1.37 	4.46 	1,132,475	36,885,008
2013-09-26 	32.5	32.72	32.1	32.16	-1.05 	1.91 	703,580	22,796,900
2013-09-27 	32	32.37	31	31.04	-3.48 	4.26 	536,848	16,890,940
2013-09-30 	30.2	31.76	30.2	31.16	0.39 	5.03 	721,450	22,521,830
2013-10-08 	30.6	32.68	30	32.31	3.69 	8.60 	1,612,837	50,510,469
2013-10-09 	32.01	34.09	32.01	33.95	5.08 	6.44 	1,796,784	60,505,087
2013-10-10 	33.52	34.06	33.28	33.54	-1.21 	2.30 	670,638	22,617,262
2013-10-11 	34.66	34.66	32.93	33.5	-0.12 	5.16 	594,251	19,853,723
2013-10-14 	33.49	34.47	32.68	33.5	0.00 	5.34 	974,569	32,779,056
2013-10-15 	33.32	33.32	32.02	32.4	-3.28 	3.88 	881,285	28,481,540
2013-10-16 	32.1	32.5	29.16	29.16	-10.00 	10.31 	1,304,676	39,519,622
2013-10-17 	28.6	29.49	27.7	28.15	-3.46 	6.14 	1,054,229	29,894,886
2013-10-18 	27.97	28.49	27	28.4	0.89 	5.29 	852,982	23,594,634
2013-10-21 	28.24	29.4	27.91	28.8	1.41 	5.25 	767,443	22,241,284
2013-10-22 	28.82	29.37	25.92	25.92	-10.00 	11.98 	1,711,723	45,744,702
2013-10-23 	26	26.58	24.01	25.7	-0.85 	9.92 	1,889,804	47,249,514
2013-10-24 	25.4	26.99	25	26.72	3.97 	7.74 	1,959,683	52,107,232
2013-10-25 	26.61	27.15	24.35	25.2	-5.69 	10.48 	1,596,560	40,863,118
2013-10-28 	25.1	25.67	24.68	25.13	-0.28 	3.93 	679,690	17,071,250
2013-10-29 	25.33	25.36	23.36	24.06	-4.26 	7.96 	826,765	19,772,327
2013-10-30 	24.1	25	23.73	24.84	3.24 	5.28 	624,794	15,329,363
2013-10-31 	24.58	25.38	24.17	24.88	0.16 	4.87 	500,340	12,508,809
2013-11-01 	24.73	25.66	24.41	25.07	0.76 	5.02 	721,990	18,089,470
2013-11-04 	25.07	25.16	24.67	24.88	-0.76 	1.95 	385,474	9,599,898
2013-11-05 	25.49	26.85	24.74	26.48	6.43 	8.48 	1,069,255	28,029,338
2013-11-06 	26.48	27.63	26.1	26.46	-0.08 	5.78 	611,040	16,520,398
2013-11-07 	27	27	26	26	-1.74 	3.78 	228,900	5,993,696
2013-11-08 	25.91	26.39	24.71	25.11	-3.42 	6.46 	528,638	13,337,378
2013-11-11 	25.11	25.9	24.2	25.74	2.51 	6.77 	531,669	13,420,963
2013-11-12 	25.75	26.41	25.49	25.71	-0.12 	3.57 	289,441	7,509,419
2013-11-13 	25.73	26.2	25.43	25.6	-0.43 	2.99 	380,978	9,845,649
2013-11-14 	25.35	26.68	25.22	26.4	3.13 	5.70 	306,549	8,012,503
2013-11-15 	26.4	27.6	26.4	27.16	2.88 	4.55 	727,528	19,841,641
2013-11-18 	27.48	28.5	26.2	28.31	4.23 	8.47 	986,417	27,369,144
2013-11-19 	28.49	28.55	27.7	28.36	0.18 	3.00 	514,429	14,393,412
2013-11-20 	28.34	28.46	27.38	27.63	-2.57 	3.81 	518,311	14,277,046
2013-11-21 	27.5	27.61	26.41	26.62	-3.66 	4.34 	909,784	24,342,266
2013-11-22 	26.5	26.89	26.4	26.63	0.04 	1.84 	223,352	5,946,645
2013-11-25 	26.66	28.25	26.63	27.54	3.42 	6.08 	410,461	11,274,980
2013-11-26 	27.6	28.2	27.35	27.64	0.36 	3.09 	387,375	10,699,089
2013-11-27 	27.52	28.2	26.92	28.14	1.81 	4.63 	546,534	15,239,831
2013-11-28 	28.19	28.68	28.1	28.35	0.75 	2.06 	436,660	12,373,506
2013-11-29 	28.4	31.19	28.4	31.19	10.02 	9.84 	2,157,247	66,431,537
2013-12-02 	28.88	31	28.07	28.07	-10.00 	9.39 	2,670,468	77,409,809
2013-12-03 	26.81	28.48	25.6	27.98	-0.32 	10.26 	1,690,948	45,753,070
2013-12-04 	27.51	29.75	27.51	28.9	3.29 	8.01 	1,089,205	31,218,459
2013-12-05 	28.65	29	26.31	26.31	-8.96 	9.31 	985,563	27,305,780
2013-12-06 	25.8	26.74	25.01	26.35	0.15 	6.58 	1,987,008	50,998,223
2013-12-09 	26.18	26.78	25.61	26.1	-0.95 	4.44 	781,284	20,410,874
2013-12-10 	26	26.75	25.89	26.75	2.49 	3.30 	1,436,511	37,627,502
2013-12-11 	26.5	26.61	25.9	26.3	-1.68 	2.65 	1,267,148	33,336,702
2013-12-12 	26.4	28.4	26.03	28.39	7.95 	9.01 	1,661,467	45,961,105
2013-12-13 	28.18	28.44	27.8	28.12	-0.95 	2.25 	393,720	11,050,171
2013-12-16 	28.12	28.85	27.3	28.3	0.64 	5.51 	724,472	20,567,803
2013-12-17 	28.01	28.49	27.03	27.6	-2.47 	5.16 	519,876	14,462,069
2013-12-18 	27.6	28.42	27.22	28.07	1.70 	4.35 	355,749	9,958,148
2013-12-19 	28.33	28.33	27.86	27.9	-0.61 	1.67 	239,697	6,737,325
2013-12-20 	27.19	27.93	26.61	27.2	-2.51 	4.73 	329,840	8,995,992
2013-12-23 	27.3	27.44	26.31	27	-0.74 	4.15 	398,544	10,646,773
2013-12-24 	27	27.9	26.38	27.84	3.11 	5.63 	548,321	15,037,033
2013-12-25 	27.6	29.55	27.6	29.29	5.21 	7.00 	707,073	20,408,706
2013-12-26 	29.8	32.01	29	30.58	4.40 	10.28 	1,408,992	43,475,218
2013-12-27 	30.58	31.2	30.04	31.05	1.54 	3.79 	1,426,343	44,103,314
2013-12-30 	31.47	33	31.38	32	3.06 	5.22 	942,798	30,320,847
2013-12-31 	32.53	32.58	31.2	32.38	1.19 	4.31 	1,249,215	39,998,301
2014-01-02 	32.38	34.19	32.38	34.18	5.56 	5.59 	1,472,179	49,300,262
2014-01-03 	34.18	37.6	34	37.1	8.54 	10.53 	2,656,682	96,571,669
2014-01-06 	37	39.5	36.88	37.08	-0.05 	7.06 	3,667,391	140,384,580
2014-01-07 	35.99	39.44	35.99	39.4	6.26 	9.30 	1,046,001	39,707,021
2014-01-08 	39.49	41.7	37.56	39.6	0.51 	10.51 	1,619,024	62,878,501
2014-01-09 	38.3	40.6	37.85	40.5	2.27 	6.94 	1,146,133	45,302,600
2014-01-10 	39.6	40.8	37.5	38.95	-3.83 	8.15 	869,158	34,205,991
2014-01-13 	38.88	38.88	35.51	36.4	-6.55 	8.65 	1,812,026	66,671,179
2014-01-14 	36.4	36.88	34.91	36.8	1.10 	5.41 	1,579,810	56,569,936
2014-01-15 	36.59	38.85	36	38.2	3.80 	7.74 	1,744,322	65,402,855
2014-01-16 	38.1	38.3	35.8	36.07	-5.58 	6.54 	2,909,468	105,980,612
2014-01-17 	36.07	37.88	35.42	37.55	4.10 	6.82 	2,341,668	85,480,315
2014-01-20 	37.55	39.16	37.54	37.94	1.04 	4.31 	1,297,360	49,704,947
2014-01-21 	37.48	39.58	37.48	39.3	3.58 	5.54 	621,570	24,139,058
2014-01-22 	39	42.1	38.8	41	4.33 	8.40 	694,509	28,647,233
2014-01-23 	40.51	45.1	40.51	45.1	10.00 	11.20 	732,619	32,459,659
2014-01-24 	46.85	48.52	45.31	46.94	4.08 	7.12 	1,079,925	50,284,895
2014-01-27 	46.87	46.87	44.53	46	-2.00 	4.99 	1,678,149	76,634,446
2014-01-28 	46	49.05	41.4	47	2.17 	16.63 	1,050,689	49,234,797
2014-01-29 	48.23	50.6	47	49.98	6.34 	7.66 	837,998	40,992,556
2014-01-30 	50.12	50.29	49.55	49.96	-0.04 	1.48 	515,037	25,713,767
2014-02-07 	50.06	54.85	49	52.39	4.86 	11.71 	960,702	50,589,390
2014-02-10 	51.9	57.49	51.9	56.6	8.04 	10.67 	1,171,644	64,329,683
2014-02-11 	56	57.98	53.01	56.9	0.53 	8.78 	886,561	49,546,506
2014-02-12 	56.9	59.78	54	59	3.69 	10.16 	1,404,320	80,878,294
2014-02-13 	57.5	61.15	54.7	56.67	-3.95 	10.93 	1,138,950	66,538,271
2014-02-14 	55.2	57.29	53	56.3	-0.65 	7.57 	694,669	38,254,912
2014-02-17 	55.05	59.5	55.05	59.09	4.96 	7.90 	523,031	30,362,452
2014-02-18 	58.5	59.89	56.8	57.2	-3.20 	5.23 	554,974	31,750,082
2014-02-19 	56.99	59.5	54.08	59.15	3.41 	9.48 	1,353,785	77,138,142
2014-02-20 	58.7	65.07	56.11	65.07	10.01 	15.15 	1,451,368	90,500,498
2014-02-21 	65	69.87	63.5	67.81	4.21 	9.79 	1,337,661	88,658,878
2014-02-24 	65.9	74.59	65.51	74.59	10.00 	13.39 	1,698,603	122,895,009
2014-02-27 	73	78.8	67.13	67.13	-10.00 	15.65 	2,031,520	147,298,880
2014-02-28 	68.02	73.84	66.87	71.98	7.22 	10.38 	1,709,278	120,633,595
2014-03-03 	71.29	76	68.88	74.79	3.90 	9.89 	737,684	54,272,022
2014-03-04 	73.15	82.27	73.15	82.27	10.00 	12.19 	929,449	73,481,207
2014-03-05 	84.3	89	79	86.96	5.70 	12.16 	809,608	68,567,235
2014-03-06 	87	87	78.26	78.26	-10.00 	10.05 	1,229,347	98,535,024
2014-03-07 	75.9	77.8	72	72.71	-7.09 	7.41 	1,567,729	116,938,695
2014-03-10 	72.71	72.71	66.01	66.6	-8.40 	9.21 	1,441,144	98,836,286
2014-03-11 	66.58	68.38	64.52	67.1	0.75 	5.80 	1,650,310	109,866,277
2014-03-12 	67.01	67.49	60.73	62.15	-7.38 	10.07 	1,425,715	89,868,395
2014-03-13 	62.7	68.3	61.53	67.99	9.40 	10.89 	2,467,435	158,345,820
2014-03-14 	67	68	64.58	66.5	-2.19 	5.03 	1,224,159	80,887,829
2014-03-17 	65.6	71.09	65.11	70.07	5.37 	8.99 	1,075,316	73,566,269
2014-03-18 	69.02	73.4	69.02	71.2	1.61 	6.25 	756,604	53,812,532
2014-03-19 	71.19	73	69.21	71.2	0.00 	5.32 	608,437	43,085,934
2014-03-20 	70.56	72.86	64.08	64.08	-10.00 	12.33 	759,930	51,122,281
2014-03-21 	63.5	63.5	58	62.66	-2.22 	8.58 	1,142,175	68,785,795
2014-03-24 	61.14	61.68	57.01	57.8	-7.76 	7.45 	1,020,763	59,524,764
2014-03-25 	57.3	58.98	56	57.99	0.33 	5.16 	1,277,966	73,062,873
2014-03-26 	57.58	59.16	56.58	58.35	0.62 	4.45 	1,234,342	71,905,013
2014-03-27 	58	58	54.25	56	-4.03 	6.43 	989,961	55,370,285
2014-03-28 	55.14	56.23	53.34	55.5	-0.89 	5.16 	987,980	54,178,373
2014-03-31 	55.14	58.6	55.14	58	4.50 	6.23 	989,721	56,862,750
2014-04-01 	57.59	62.85	57.59	62.85	8.36 	9.07 	781,652	47,528,604
2014-04-02 	62.8	63.8	56.57	56.57	-9.99 	11.50 	773,041	45,654,306
2014-04-03 	56.12	59	55.33	57.85	2.26 	6.49 	950,825	54,513,081
2014-04-04 	56.01	58.61	56.01	58.35	0.86 	4.49 	513,883	29,400,110
2014-04-08 	57.79	59.48	55.22	57.77	-0.99 	7.30 	639,549	37,041,188
2014-04-09 	57.8	61.5	57.36	61.4	6.28 	7.17 	526,330	31,716,469
2014-04-10 	61.4	62.8	59.4	59.63	-2.88 	5.54 	549,855	33,439,350
2014-04-11 	58.8	58.8	55.04	55.9	-6.26 	6.31 	777,241	43,593,202
2014-04-14 	55.56	56.5	54.02	55.6	-0.54 	4.44 	541,002	30,089,968
2014-04-15 	55.3	56.25	54.68	55.62	0.04 	2.82 	299,949	16,598,269
2014-04-16 	55.5	55.5	54	54.9	-1.29 	2.70 	389,994	21,406,842
2014-04-17 	54.9	55.64	54	54.69	-0.38 	2.99 	244,326	13,416,004
2014-04-18 	55	55.5	54.21	55.12	0.79 	2.36 	213,934	11,790,209
2014-04-21 	54.16	56.3	53.71	53.99	-2.05 	4.70 	298,587	16,419,113
2014-04-22 	53.31	54.6	49.05	54.5	0.94 	10.28 	793,351	40,969,490
2014-04-23 	53.96	54.08	51.23	51.59	-5.34 	5.23 	400,696	21,000,865
2014-04-24 	51.22	53.6	49.48	50.3	-2.50 	7.99 	533,491	27,723,663
2014-04-25 	50.3	50.34	48	48.1	-4.37 	4.65 	579,331	28,419,982
2014-04-28 	48.2	48.2	46.57	47	-2.29 	3.39 	748,136	35,248,066
2014-04-29 	47	47.42	45.2	47.02	0.04 	4.72 	1,153,309	53,212,965
2014-04-30 	46.97	47.36	45.67	46.89	-0.28 	3.59 	1,024,875	47,767,959
2014-05-05 	46.8	50.09	46.18	49.83	6.27 	8.34 	996,717	48,471,202
2014-05-06 	49.8	50.69	48.58	48.95	-1.77 	4.23 	933,925	46,436,776
2014-05-07 	48.88	48.88	45.61	45.75	-6.54 	6.68 	1,134,138	53,269,586
2014-05-08 	45.78	46.3	44.52	44.98	-1.68 	3.89 	1,185,472	53,952,075
2014-05-09 	44.91	44.91	42.35	42.52	-5.47 	5.69 	1,532,487	66,478,973
2014-05-12 	42.94	43.39	41.78	43.28	1.79 	3.79 	2,043,618	87,108,399
2014-05-13 	43.37	43.74	42.34	42.52	-1.76 	3.23 	1,645,242	70,769,908
2014-05-14 	42.51	42.87	41.46	41.61	-2.14 	3.32 	1,307,921	54,853,720
2014-05-15 	41.58	41.74	39.55	40.09	-3.65 	5.26 	2,488,398	100,522,022
2014-05-16 	40.08	40.65	38.71	40.57	1.20 	4.84 	1,932,895	76,521,658
2014-05-19 	40.44	42.25	40.05	41.88	3.23 	5.42 	2,579,839	106,665,398
2014-05-20 	43.3	45.9	43.3	44.88	7.16 	6.21 	5,243,390	232,859,680
2014-05-21 	44	45.88	43.9	44.77	-0.25 	4.41 	2,386,055	107,412,470
2014-05-22 	45.3	48.58	44.9	46.6	4.09 	8.22 	2,353,376	110,724,813
2014-05-23 	46.45	49.7	46.04	49.47	6.16 	7.85 	2,431,643	116,533,789
2014-05-26 	49.15	49.82	48	49.5	0.06 	3.68 	2,180,588	106,167,157
2014-05-27 	49	49	46.81	47.27	-4.51 	4.42 	2,010,878	95,750,505
2014-05-28 	47.06	50.68	47	49.92	5.61 	7.79 	2,727,950	133,022,524
2014-05-29 	49.5	50.96	48.8	49.99	0.14 	4.33 	2,077,645	102,819,695
2014-05-30 	49.62	52.49	49.2	51.9	3.82 	6.58 	1,539,471	78,031,869
2014-06-03 	51.89	52.9	49.7	49.9	-3.85 	6.17 	1,488,951	76,612,476
2014-06-04 	49.91	50.95	48.84	50.35	0.90 	4.23 	1,218,660	60,287,226
2014-06-05 	49.85	52.65	49.56	51.85	2.98 	6.14 	1,393,105	71,579,646
2014-06-06 	53.5	53.5	50.68	51.25	-1.16 	5.44 	1,065,457	55,336,210
2014-06-09 	51.74	51.77	47.93	48	-6.34 	7.49 	1,313,296	64,492,214
2014-06-10 	48.44	49.99	47.26	49.2	2.50 	5.69 	1,254,375	61,032,329
2014-06-11 	48.97	51.16	48	50.75	3.15 	6.42 	1,166,295	58,065,621
2014-06-12 	50.5	51.96	50.15	51.1	0.69 	3.57 	1,332,019	68,283,576
2014-06-13 	25.26	28.05	25.26	28.05	-45.11 	5.46 	4,076,768	110,980,713
2014-06-16 	28.33	28.65	27.42	27.88	-0.61 	4.39 	4,662,108	130,610,470
2014-06-17 	27.57	27.88	26.48	26.54	-4.81 	5.02 	3,365,750	90,768,865
2014-06-18 	26.62	27.07	26.5	26.86	1.21 	2.15 	2,071,569	55,630,585
2014-06-19 	26.49	26.75	24.21	24.49	-8.82 	9.46 	2,285,974	58,420,667
2014-06-20 	24.36	25.18	24.36	24.85	1.47 	3.35 	987,153	24,511,502
2014-06-23 	25.1	26	25.1	26	4.63 	3.62 	1,196,626	30,704,462
2014-06-24 	26.15	26.26	25.65	25.9	-0.38 	2.35 	1,077,284	27,874,603
2014-06-25 	25.8	25.8	24.94	25.22	-2.63 	3.32 	1,350,321	34,044,475
2014-06-26 	25.22	26.1	25.07	25.96	2.93 	4.08 	2,461,620	63,338,785
2014-06-27 	25.95	26.94	25.6	26.38	1.62 	5.16 	2,505,338	65,835,513
2014-06-30 	26.42	27.79	26.02	27.78	5.31 	6.71 	2,859,993	77,348,838
2014-07-01 	27.48	30.15	27.32	29.76	7.13 	10.19 	4,768,743	139,442,300
2014-07-02 	29.88	31.01	28.54	29.37	-1.31 	8.30 	4,091,415	121,673,106
2014-07-03 	29.52	29.88	28.6	28.87	-1.70 	4.36 	2,378,440	68,899,093
2014-07-04 	28.35	28.8	27.88	28.34	-1.84 	3.19 	2,436,128	68,767,425
2014-07-07 	28.5	28.5	27.34	27.65	-2.43 	4.09 	2,798,372	77,317,496
2014-07-08 	27.73	28.88	27.1	28.82	4.23 	6.44 	3,641,243	101,888,523
2014-07-09 	28.5	29.68	27.71	27.8	-3.54 	6.84 	3,079,391	88,892,487
2014-07-10 	27.82	28	26.87	26.92	-3.17 	4.06 	2,013,000	54,969,862
2014-07-11 	26.79	27.08	24.23	25.31	-5.98 	10.59 	4,491,766	114,290,583
2014-07-14 	24.88	25.32	23.5	24.17	-4.50 	7.19 	5,142,397	125,479,730
2014-07-15 	24.3	24.95	24.01	24.35	0.74 	3.89 	3,919,468	96,112,612
2014-07-16 	24.41	24.49	23.09	23.52	-3.41 	5.75 	3,162,309	74,603,511
2014-07-17 	23.41	24.21	23.32	24.15	2.68 	3.78 	2,323,621	55,648,065
2014-07-18 	24.1	25.28	23.94	24.73	2.40 	5.55 	2,891,279	71,720,860
2014-07-21 	24.85	24.96	24.02	24.7	-0.12 	3.80 	1,463,745	35,827,046
2014-07-22 	24.7	24.9	24.2	24.8	0.40 	2.83 	1,937,669	47,632,158
2014-07-23 	24.83	24.88	22.83	22.96	-7.42 	8.27 	3,894,937	92,053,941
2014-07-24 	23.02	24.41	22.3	23.91	4.14 	9.19 	3,287,598	76,740,701
2014-09-25 	26.3	26.3	26.3	26.3	10.00 	0.00 	61,772	1,624,603
2014-09-26 	28.93	28.93	28.93	28.93	10.00 	0.00 	44,060	1,274,655
2014-09-29 	31.82	31.82	28.58	28.95	0.07 	11.20 	18,194,269	550,348,630
2014-09-30 	28.95	31.79	27.87	31.79	9.81 	13.54 	16,071,334	470,973,430
2014-10-08 	31.35	33.13	30.51	32.53	2.33 	8.24 	10,736,080	341,954,330
2014-10-09 	32.28	33.13	31.2	32.23	-0.92 	5.93 	7,861,292	252,878,760
2014-10-10 	31.6	31.98	30.79	31.2	-3.20 	3.69 	7,556,913	235,702,710
2014-10-13 	30.79	31.96	30.48	31.54	1.09 	4.74 	4,741,157	149,260,200
2014-10-14 	31.56	33.03	31.16	32.01	1.49 	5.93 	6,175,855	199,488,830
2014-10-15 	32.09	34.68	32.05	34	6.22 	8.22 	8,549,327	284,054,400
2014-10-16 	33.4	35.08	33.15	33.8	-0.59 	5.68 	5,556,582	190,651,620
2014-10-17 	34.03	34.06	30.42	30.68	-9.23 	10.77 	10,012,376	315,381,280
2014-10-20 	30.6	31.3	29.03	31.03	1.14 	7.40 	8,054,644	241,596,530
2014-10-21 	30.82	32.31	30.67	31.04	0.03 	5.29 	6,118,471	192,739,520
2014-10-22 	31.04	31.2	29.97	30.39	-2.09 	3.96 	3,905,279	118,619,295
2014-10-23 	29.98	30.5	28.9	29.55	-2.76 	5.26 	3,301,545	97,582,425
2014-10-24 	29.59	30.44	29.24	29.77	0.74 	4.06 	2,929,758	87,935,196
2014-10-27 	29.79	31.3	29.3	31.09	4.43 	6.72 	4,016,793	122,738,963
2014-10-28 	31.26	33.13	31.26	32.22	3.63 	6.01 	5,596,754	181,391,900
2014-10-29 	32.38	33	31.79	32.17	-0.16 	3.76 	3,725,764	120,085,674
2014-10-30 	31.93	32.1	31.16	31.45	-2.24 	2.92 	4,082,664	128,715,861
2014-10-31 	31.55	31.55	29.89	30.32	-3.59 	5.28 	3,355,641	102,226,417
2014-11-03 	30.31	30.73	29.65	29.84	-1.58 	3.56 	4,652,557	139,303,990
2014-11-04 	30	30.18	29.31	29.4	-1.47 	2.92 	2,643,149	78,422,485
2014-11-05 	29.5	29.58	28.5	28.53	-2.96 	3.67 	4,400,390	126,732,400
2014-11-06 	28.53	29.25	28.45	29.25	2.52 	2.80 	4,456,752	128,307,078
2014-11-07 	29.26	29.39	28	28.34	-3.11 	4.75 	5,749,523	165,088,310
2014-11-10 	28.37	28.87	27.18	27.54	-2.82 	5.96 	4,462,651	123,234,771
2014-11-11 	27.64	28.79	25.86	26	-5.59 	10.64 	6,010,268	159,836,650
2014-11-12 	26.28	26.48	25.8	26.18	0.69 	2.62 	4,209,680	109,941,750
2014-11-13 	26.18	26.37	25.32	25.44	-2.83 	4.01 	4,881,092	125,299,095
2014-11-14 	25.3	25.43	24.71	24.78	-2.59 	2.83 	4,268,941	106,596,343
2014-11-17 	24.9	26.96	24.9	26.53	7.06 	8.31 	7,873,771	207,130,870
2014-11-18 	26	27.22	26	27.12	2.22 	4.60 	6,044,707	161,275,770
2014-11-19 	27	27.94	26.71	27.11	-0.04 	4.54 	3,630,821	98,892,274
2014-12-03 	29.47	29.47	26.01	26.57	-1.99 	12.76 	15,664,652	427,705,200
2014-12-04 	26.73	29.23	26.6	29.23	10.01 	9.90 	14,228,140	404,560,840
2014-12-05 	29.08	30.3	26.98	28.77	-1.57 	11.36 	12,669,306	366,692,550
2014-12-08 	28	28.95	27.42	28.26	-1.77 	5.32 	8,744,260	246,633,580
2014-12-09 	28.16	28.16	25.43	25.6	-9.41 	9.66 	9,804,759	261,086,750
2014-12-10 	25.54	26.77	24.01	26.19	2.30 	10.78 	4,811,015	125,090,430
2014-12-11 	26	26.95	25.57	25.93	-0.99 	5.27 	4,190,487	109,868,231
2014-12-12 	25.98	26.49	25.81	26.36	1.66 	2.62 	4,820,463	126,242,159
2014-12-15 	26.5	29	26.5	29	10.02 	9.48 	4,945,163	139,311,030
2014-12-16 	30.47	30.74	29.1	29.55	1.90 	5.66 	12,418,489	371,427,490
2014-12-17 	29.33	29.42	28.34	28.7	-2.88 	3.65 	6,698,771	193,115,490
2014-12-18 	28.75	30.36	28.75	29.51	2.82 	5.61 	6,947,032	206,817,210
2014-12-19 	29.51	29.51	26.58	27.54	-6.68 	9.93 	6,496,712	180,188,300
2014-12-22 	27.6	27.67	24.79	24.79	-9.99 	10.46 	5,537,995	141,516,000
2014-12-23 	24.55	25.97	23.7	23.8	-3.99 	9.16 	6,168,667	152,329,280
2014-12-24 	24.09	25.14	24.09	24.85	4.41 	4.41 	3,102,437	76,312,446
2014-12-25 	24.95	25.24	24.3	24.97	0.48 	3.78 	3,653,234	90,185,617
2014-12-26 	24.97	25.7	24.68	25.35	1.52 	4.08 	2,721,779	68,961,789
2014-12-29 	25.36	25.66	23.3	24.15	-4.73 	9.31 	4,063,168	98,897,708
2014-12-30 	24.16	24.88	24	24.36	0.87 	3.64 	3,352,582	81,778,264
2014-12-31 	24.28	24.78	24.01	24.39	0.12 	3.16 	3,839,945	93,894,533
2015-01-05 	24.3	24.6	23.3	23.93	-1.89 	5.33 	3,414,266	81,332,580
2015-01-06 	23.76	25.25	23.32	25.15	5.10 	8.07 	5,158,137	126,928,299
2015-01-07 	25.1	25.1	24.61	24.93	-0.87 	1.95 	2,946,174	73,212,003
2015-01-08 	25	27.4	24.9	26.62	6.78 	10.03 	6,848,804	179,362,930
2015-01-09 	26.47	28.5	26.47	28	5.18 	7.63 	8,878,369	246,934,270
2015-01-12 	28.09	30.8	28.04	30.8	10.00 	9.86 	10,977,043	332,746,640
2015-01-13 	31.65	33.86	31.6	32.9	6.82 	7.34 	14,275,642	468,457,510
2015-01-14 	32.31	33.29	31.56	32.62	-0.85 	5.26 	7,826,549	253,749,670
2015-01-15 	32	35.5	32	33.57	2.91 	10.73 	6,993,599	238,141,900
2015-01-16 	33.03	36	33.03	35.31	5.18 	8.85 	8,128,801	282,721,640
2015-01-19 	34.2	38.5	33.8	36.09	2.21 	13.31 	8,945,253	327,275,080
2015-01-20 	36.2	37.6	35.5	36.58	1.36 	5.82 	8,417,182	306,621,210
2015-01-21 	36	36.75	34.79	35.46	-3.06 	5.36 	9,039,527	319,995,600
2015-01-22 	35	36	34.7	35.26	-0.56 	3.67 	5,786,341	204,824,330
2015-01-23 	35.06	35.43	33.51	34.1	-3.29 	5.45 	6,000,304	206,376,190
2015-01-26 	34.24	35.8	34.24	35.7	4.69 	4.57 	4,440,667	156,403,750
2015-01-27 	35.7	36.4	34.3	36.3	1.68 	5.88 	6,057,929	215,042,820
2015-01-28 	35.8	36.68	34.18	34.6	-4.68 	6.89 	4,656,271	165,482,340
2015-01-29 	34.15	35.38	33.41	33.55	-3.03 	5.69 	5,415,429	186,083,460
2015-01-30 	33.73	34.08	32.26	32.7	-2.53 	5.42 	4,950,028	163,265,550
2015-02-02 	32.8	34.1	32	33.68	3.00 	6.42 	5,560,349	184,607,890
2015-02-03 	33.48	35.9	33.48	35.25	4.66 	7.19 	7,395,069	259,414,340
2015-02-04 	35.25	35.28	33.32	34.2	-2.98 	5.56 	5,553,295	191,188,210
2015-02-05 	34.4	35.5	33	34.79	1.73 	7.31 	6,706,094	233,722,060
2015-02-06 	34.9	38	34.8	37.2	6.93 	9.20 	9,069,575	334,472,640
2015-02-09 	37.4	40.92	37	37.95	2.02 	10.54 	12,985,203	510,500,180
2015-02-10 	37.32	38.88	36.31	37.04	-2.40 	6.77 	7,004,241	260,905,660
2015-02-11 	37.39	40.74	37.08	40.74	9.99 	9.88 	11,558,396	460,580,620
2015-02-12 	42	44.79	40.2	43.25	6.16 	11.27 	16,191,760	685,394,730
2015-02-13 	44	46.04	43.54	45.3	4.74 	5.78 	8,678,158	391,429,830
2015-02-16 	45.9	47	43.2	45.66	0.79 	8.39 	8,712,455	389,177,960
2015-02-17 	45.5	45.58	43.51	44.3	-2.98 	4.53 	5,303,529	234,859,590
2015-02-25 	45	45.2	41.8	42.52	-4.02 	7.67 	4,614,456	200,094,830
2015-02-26 	42.55	45.8	38.8	45.8	7.71 	16.46 	11,839,323	491,362,410
2015-02-27 	44	49.5	43.58	48.35	5.57 	12.93 	10,432,155	494,694,720
2015-03-02 	48.29	52.01	46.6	50	3.41 	11.19 	7,452,917	365,976,980
2015-03-03 	49.95	50.88	47	47.2	-5.60 	7.76 	5,682,781	276,185,490
2015-03-04 	47	51.92	46.51	51.92	10.00 	11.46 	6,040,683	297,250,050
2015-03-05 	52.5	54.65	50	51.42	-0.96 	8.96 	5,852,905	304,140,240
2015-03-06 	51.48	51.79	46.5	46.99	-8.62 	10.29 	6,114,398	295,830,430
2015-03-09 	46.9	48.58	44.68	46.77	-0.47 	8.30 	4,872,716	228,305,980
2015-03-10 	46.89	49.29	46.89	47.99	2.61 	5.13 	4,678,827	225,338,500
2015-03-11 	47.65	47.66	45.68	46.08	-3.98 	4.13 	5,475,114	254,092,100
2015-03-12 	46.08	47.08	43.38	43.8	-4.95 	8.03 	6,143,173	275,291,740
2015-03-13 	44.5	47.48	44.01	47	7.31 	7.92 	5,235,404	240,157,090
2015-03-16 	48	51.51	47.99	50.15	6.70 	7.49 	7,104,598	354,901,830
2015-03-17 	50.56	50.6	48.1	49.65	-1.00 	4.99 	6,134,263	302,769,580
2015-03-18 	49	51.6	48.28	50.6	1.91 	6.69 	5,553,215	276,004,640
2015-03-19 	50.38	50.38	48.47	49.3	-2.57 	3.77 	4,361,358	214,652,190
2015-03-20 	48.28	53.1	48.28	50.49	2.41 	9.78 	8,200,651	416,775,490
2015-03-23 	50.53	53.5	49.53	52.75	4.48 	7.86 	10,101,504	518,881,460
2015-03-24 	52.59	58.03	51	58.03	10.01 	13.33 	15,227,300	840,148,520
2015-03-25 	58.3	59.2	56	56.12	-3.29 	5.51 	9,801,441	561,711,770
2015-03-26 	54.9	54.91	50.51	51.54	-8.16 	7.84 	10,234,702	535,158,960
2015-03-27 	50.05	53.61	50.05	52.93	2.70 	6.91 	5,749,380	301,461,000
2015-03-30 	53	54.9	49	49.5	-6.48 	11.15 	8,172,809	416,442,830
2015-03-31 	49.61	51.88	49.61	51.55	4.14 	4.59 	7,084,010	359,687,060
2015-04-01 	51.55	52.75	50.8	52	0.87 	3.78 	5,791,413	300,667,760
2015-04-02 	52.5	56.58	52.5	56.45	8.56 	7.85 	11,695,397	635,550,010
2015-04-03 	55.5	57	54.31	56.59	0.25 	4.77 	7,451,707	418,234,770
2015-04-07 	56.52	59	55.62	56.75	0.28 	5.97 	7,443,579	424,688,320
2015-04-08 	56.78	56.82	52.05	54.6	-3.79 	8.41 	7,075,034	384,104,170
2015-04-09 	54.9	54.9	49.19	53.9	-1.28 	10.46 	7,040,154	366,739,500
2015-04-10 	53	56.5	52.63	55.3	2.60 	7.18 	8,003,196	435,970,850
2015-04-13 	55.5	58	54.2	57.68	4.30 	6.87 	9,742,552	546,753,950
2015-04-14 	57.1	58.43	54.5	55.65	-3.52 	6.81 	6,004,254	339,208,720
2015-04-15 	54.52	55.95	51.25	52.7	-5.30 	8.45 	5,013,277	267,059,880
2015-04-16 	52.7	53.83	47.43	49.02	-6.98 	12.14 	6,997,632	358,426,310
2015-04-17 	49.13	50.57	46.66	48.38	-1.31 	7.98 	9,537,798	464,950,990
2015-04-20 	48	51	47.33	48.47	0.19 	7.59 	5,464,821	266,830,900
2015-04-21 	48.58	51.89	48.58	51.68	6.62 	6.83 	5,978,823	302,707,740
2015-04-22 	52	56.03	51	54.69	5.82 	9.73 	7,941,386	422,483,450
2015-04-23 	54.5	57.31	54	56.69	3.66 	6.05 	8,584,598	482,410,540
2015-04-24 	55	57.4	53	55.69	-1.76 	7.76 	7,958,881	439,501,570
2015-04-27 	56.05	58.98	55.74	57.99	4.13 	5.82 	7,491,698	431,481,380
2015-04-28 	58.33	58.38	54	54.85	-5.41 	7.55 	5,766,989	320,697,840
2015-04-29 	53.7	60.34	53.25	60.3	9.94 	12.93 	9,216,629	537,518,950
2015-04-30 	61.15	66.33	61.15	66.17	9.73 	8.59 	12,671,849	820,509,430
2015-05-04 	66	68.64	64.21	66.06	-0.17 	6.69 	7,079,025	467,661,090
2015-05-05 	67	67	62.57	65.19	-1.32 	6.71 	7,581,458	486,969,390
2015-05-06 	65.04	71.71	65	70	7.38 	10.29 	8,076,992	565,974,980
2015-05-07 	69	74	68.1	70.5	0.71 	8.43 	6,322,615	453,327,930
2015-05-08 	35	38.74	35	38.74	-45.05 	5.30 	14,643,911	556,401,020
2015-05-11 	38.97	41.66	37	41.59	7.36 	12.03 	20,855,654	834,870,110
2015-05-12 	41.28	41.28	39.4	40.31	-3.08 	4.52 	17,432,118	700,804,150
2015-05-13 	39.2	42.14	37.1	40.95	1.59 	12.50 	19,203,316	760,388,720
2015-05-14 	40	41.98	38.44	38.5	-5.98 	8.64 	17,513,280	699,645,370
2015-05-15 	37.6	41.99	36.8	40.3	4.68 	13.48 	21,596,117	849,843,120
2015-05-18 	41.55	44.33	40.88	44.33	10.00 	8.56 	16,121,095	697,148,660
2015-05-19 	46	46.26	42.3	43.38	-2.14 	8.93 	16,072,838	698,232,010
2015-05-20 	43.5	47.29	43.5	44.51	2.60 	8.74 	12,196,339	552,540,450
2015-05-21 	44.2	46.7	44	45.8	2.90 	6.07 	13,398,457	609,640,060
2015-05-22 	45.85	46.24	42.45	43.9	-4.15 	8.28 	14,885,666	656,884,500
2015-05-25 	42	44.07	41	41.7	-5.01 	6.99 	15,329,346	648,287,780
2015-05-26 	42.1	45.87	42.1	45.87	10.00 	9.04 	10,430,824	465,097,260
2015-05-27 	48.7	50.46	46.88	50.46	10.01 	7.80 	20,668,800	1,021,075,000
2015-05-28 	51.7	55	48.5	49.3	-2.30 	12.88 	20,255,503	1,041,042,120
2015-05-29 	48.5	54.18	46.8	54.18	9.90 	14.97 	17,564,010	900,416,260
2015-06-01 	56.91	56.91	53.5	54.26	0.15 	6.29 	19,418,617	1,069,710,340
2015-09-18 	48.83	48.83	48.83	48.83	-10.01 	0.00 	47,800	2,334,074
2015-09-21 	43.95	43.95	43.95	43.95	-9.99 	0.00 	137,500	6,043,125
2015-09-22 	39.56	39.56	39.56	39.56	-9.99 	0.00 	88,600	3,505,016
2015-09-23 	17.8	17.8	17.8	17.8	-55.01 	0.00 	1,202,400	21,402,720
2015-09-24 	16.02	17.25	16.02	16.21	-8.93 	6.91 	142,797,560	2,319,507,800
2015-09-25 	15.38	15.67	14.59	14.59	-9.99 	6.66 	70,605,202	1,057,435,500
2015-09-28 	14.21	15.69	14.2	15.33	5.07 	10.21 	49,130,548	741,438,380
2015-09-29 	14.95	15.83	14.81	15.08	-1.63 	6.65 	33,310,575	510,215,580
2015-09-30 	15.2	15.53	14.34	14.54	-3.58 	7.89 	23,001,252	339,924,140
2015-10-08 	15.02	15.97	14.8	15.57	7.08 	8.05 	36,720,210	567,205,390
2015-10-09 	15.58	15.85	15.17	15.4	-1.09 	4.37 	28,946,842	446,575,700
2015-10-12 	15.5	16.87	15.5	16.58	7.66 	8.90 	42,779,548	702,484,700
2015-10-13 	16.4	17.49	16.11	17.13	3.32 	8.32 	41,450,323	697,865,960
2015-10-14 	17.02	17.28	16.2	16.29	-4.90 	6.30 	35,186,280	582,038,540
2015-10-15 	16.09	17.59	16.09	17.04	4.60 	9.21 	58,794,099	999,391,410
2015-10-16 	17.17	17.6	16.4	17.17	0.76 	7.04 	50,326,619	858,827,230
2015-10-19 	17.21	18.85	17.21	18.7	8.91 	9.55 	58,432,431	1,058,170,440
2015-10-20 	18.6	19.39	18	18.93	1.23 	7.43 	45,150,890	843,991,230
2015-10-21 	18.93	19	17.04	17.04	-9.98 	10.35 	42,369,881	752,180,270
2015-10-22 	16.65	17.53	16	17.2	0.94 	8.98 	44,780,712	758,321,080
2015-10-23 	17.22	17.57	16.5	17.39	1.10 	6.22 	43,079,856	734,043,130
2015-10-26 	17.6	17.8	16.72	17.11	-1.61 	6.21 	30,428,350	519,189,670
2015-10-27 	17.1	17.35	16	17.04	-0.41 	7.89 	28,386,883	474,990,500
2015-10-28 	17.08	18.58	17.08	17.8	4.46 	8.80 	46,515,663	835,431,240
2015-10-29 	17.9	18	17.4	17.71	-0.51 	3.37 	25,241,212	447,048,530
2015-10-30 	17.53	18.11	16.9	17.51	-1.13 	6.83 	26,698,601	468,730,620
2015-11-02 	16.77	17.44	16.42	16.66	-4.85 	5.83 	22,676,853	384,752,460
2015-11-03 	16.56	17.11	16.46	16.55	-0.66 	3.90 	12,540,813	209,746,820
2015-11-04 	16.7	17.59	16.7	17.59	6.28 	5.38 	26,812,863	462,327,510
2015-11-05 	17.6	18.2	17.09	17.2	-2.22 	6.31 	32,432,478	568,777,770
2015-11-06 	17.26	17.93	17.26	17.7	2.91 	3.90 	31,475,027	556,288,750
2015-11-09 	17.7	19.41	17.5	19.36	9.38 	10.79 	48,172,981	892,763,060
2015-11-10 	19.4	19.7	18.75	19.1	-1.34 	4.91 	35,436,219	680,587,430
2015-11-11 	19	20.15	18.81	20.06	5.03 	7.02 	34,214,474	674,969,930
2015-11-12 	20.2	21.2	19.95	20.1	0.20 	6.23 	35,137,110	720,614,290
2015-11-13 	19.9	20.85	19.6	20.1	0.00 	6.22 	38,582,825	784,668,900
2015-11-23 	22.11	22.11	20.02	20.39	1.44 	10.40 	46,262,367	978,079,760
2015-11-24 	20.02	20.38	19.28	19.8	-2.89 	5.39 	25,279,851	495,064,180
2015-11-25 	20	20.31	19.8	19.91	0.56 	2.58 	27,300,681	546,015,810
2015-11-26 	20.5	21.79	20	20.39	2.41 	8.99 	36,499,757	760,528,170
2015-11-27 	19.89	21.63	18.7	19	-6.82 	14.37 	38,167,487	775,836,890
2015-11-30 	19.2	19.98	17.5	19.59	3.11 	13.05 	30,729,892	590,456,460
2015-12-01 	19.81	19.84	18.58	18.85	-3.78 	6.43 	17,187,858	328,010,210
2015-12-02 	18.87	19.2	16.97	17.47	-7.32 	11.83 	27,216,664	480,988,080
2015-12-03 	17.61	18.05	17.41	18	3.03 	3.66 	16,391,962	290,774,500
2015-12-04 	17.91	18	17.3	17.44	-3.11 	3.89 	17,808,757	314,264,400
2015-12-07 	17.68	17.79	17.03	17.72	1.61 	4.36 	15,994,319	280,655,620
2015-12-08 	17.8	18.21	17.5	17.7	-0.11 	4.01 	21,839,513	389,427,130
2015-12-09 	17.77	17.85	16.84	17.02	-3.84 	5.71 	19,270,355	331,734,270
2015-12-10 	17.05	17.69	16.95	17.42	2.35 	4.35 	18,098,004	315,996,660
2015-12-11 	17.5	17.7	17.15	17.25	-0.98 	3.16 	11,489,674	199,626,480
2015-12-14 	17.02	17.6	16.68	17.59	1.97 	5.33 	14,411,895	246,292,570
2015-12-15 	17.59	18.68	17.46	18.52	5.29 	6.94 	22,385,374	404,339,040
2015-12-16 	18.41	18.68	18.1	18.17	-1.89 	3.13 	16,829,470	307,789,900
2015-12-17 	18.41	19.08	18.3	19.05	4.84 	4.29 	28,004,247	527,403,760
2015-12-18 	19.18	20.29	19.1	19.31	1.36 	6.25 	32,353,693	633,603,250
2015-12-21 	19.48	19.5	18.6	19.19	-0.62 	4.66 	28,292,179	535,666,510
2015-12-22 	19.49	19.5	18.75	18.94	-1.30 	3.91 	20,424,077	386,695,080
2015-12-23 	18.9	19.2	18.6	18.62	-1.69 	3.17 	19,507,156	368,938,930
2015-12-24 	18.67	18.77	17.69	18.4	-1.18 	5.80 	15,899,179	289,466,630
2015-12-25 	18.48	18.82	18.26	18.74	1.85 	3.04 	11,453,424	212,345,340
2015-12-28 	18.87	19	17.98	18	-3.95 	5.44 	17,431,664	322,537,930
2015-12-29 	17.86	18	17.29	17.79	-1.17 	3.94 	15,861,404	278,850,590
2015-12-30 	17.87	18.27	17.57	18.12	1.85 	3.93 	12,980,972	233,745,790
2015-12-31 	18.12	18.53	17.46	18.1	-0.11 	5.91 	15,751,302	285,447,490
2016-01-04 	17.77	17.96	16.29	16.29	-10.00 	9.23 	14,490,428	246,036,030
2016-01-05 	14.71	17.35	14.71	16.56	1.66 	16.21 	27,183,675	444,069,310
2016-01-06 	16.67	16.8	16.15	16.69	0.79 	3.93 	14,583,029	240,838,660
2016-01-07 	16.5	16.5	15.02	15.03	-9.95 	8.87 	3,814,763	59,501,988
2016-01-08 	15.55	15.6	13.6	14.61	-2.79 	13.31 	20,858,936	307,987,920
2016-01-11 	14	14.65	13.16	13.17	-9.86 	10.20 	21,447,622	299,604,510
2016-01-12 	13.41	13.8	12.7	13.49	2.43 	8.35 	17,683,462	235,251,920
2016-01-13 	13.79	14	13	13.03	-3.41 	7.41 	12,470,423	168,413,020
2016-01-14 	12.49	13.85	12.08	13.79	5.83 	13.58 	18,397,036	240,775,130
2016-01-15 	13.49	14	13.18	13.32	-3.41 	5.95 	21,810,499	298,377,830
